0,
0.14028429855149,
0.20817901966840,
0.25098483964451,
0.28985099930868,
0.31324797718920,
0.33711323402844,
0.36611987568075,
0.38668998527307,
0.40709809029235,
0.42731658238121,
0.44610401730329,
0.46605796312747,
0.48265865332932,
0.49799111328548,
0.51599914926486,
0.53047356027596,
0.54831204443471,
0.56077285673380,
0.57795035976446,
0.59254257038781,
0.60870085696999,
0.62271410480732,
0.64013521416793,
0.65277436107865,
0.67021970273064,
0.68442650246372,
0.70255739108071,
0.71697306704795,
0.73288717195467,
0.74875261788807,
0.76657583494276,
0.78206797258880,
0.80148073000519,
0.82096522446264,
0.84213805424822,
0.86732682170583,
0.88977415730927,
0.91421464073151,
0.94354238528943,
0.97326636877086,
1
