0,
0.00033333333333,
0.00066666666667,
0.00100000000000,
0.00133333333333,
0.00166666666667,
0.00200000000000,
0.00233333333333,
0.00266666666667,
0.00300000000000,
0.00333333333333,
0.00366666666667,
0.00400000000000,
0.00433333333333,
0.00466666666667,
0.00500000000000,
0.00533333333333,
0.00566666666667,
0.00600000000000,
0.00633333333333,
0.00666666666667,
0.00700000000000,
0.00733333333333,
0.00766666666667,
0.00800000000000,
0.00833333333333,
0.00866666666667,
0.00900000000000,
0.00933333333333,
0.00966666666667,
0.01021827913915,
0.01115300588116,
0.03134082000149,
0.04026950389110,
0.04258929010604,
0.04292460026709,
0.04438235581873,
0.04479262154840,
0.04513133433218,
0.04973438610861,
0.05099819486602,
0.05157401938294,
0.05298809168433,
0.05540980040827,
0.05801187694955,
0.06075107972715,
0.06158977270468,
0.06470000595345,
0.06654845891936,
0.06811815078400,
0.06953257143275,
0.07102715292341,
0.07242128121389,
0.07385108010496,
0.07481641165041,
0.07603516135024,
0.07658436223668,
0.07883283368505,
0.08067821561129,
0.08232380329862,
0.08381799598548,
0.08553487704546,
0.08707396696348,
0.08848130226114,
0.09025856125101,
0.09187072691669,
0.09366529859347,
0.09483594442087,
0.09587224416119,
0.09693080474025,
0.09790877329419,
0.09890334345060,
0.10004927050391,
0.10093014364586,
0.10211806729748,
0.10318046292426,
0.10420870870482,
0.10556475265407,
0.10786577442034,
0.10939126123202,
0.11090276015135,
0.11242722573246,
0.11350220391139,
0.11461473076920,
0.11573621954228,
0.11659428010381,
0.11759038346796,
0.11880922599005,
0.11938904830780,
0.12054756983555,
0.12140017317845,
0.12186164426291,
0.12315957060111,
0.12448734623803,
0.12582380910067,
0.12725171063532,
0.12836275783741,
0.12953134636176,
0.13055158454340,
0.13154915807930,
0.13255823104390,
0.13358131147344,
0.13441343856748,
0.13546642405098,
0.13671573342608,
0.13772309471138,
0.13854329655545,
0.13911194995775,
0.14030836901434,
0.14085135965189,
0.14221178618337,
0.14335468440435,
0.14446119794083,
0.14547705513162,
0.14636870930800,
0.14755042796892,
0.14807658029290,
0.14869533838760,
0.14982147485755,
0.15089731036735,
0.15186433335963,
0.15280082144915,
0.15362437231613,
0.15439732855165,
0.15543648712639,
0.15609014586662,
0.15668374425121,
0.15787300493838,
0.15889253479442,
0.15958134411768,
0.16039900630982,
0.16143969039033,
0.16230571653515,
0.16296902465662,
0.16407052154701,
0.16508073367856,
0.16576452198307,
0.16670423136451,
0.16756750366596,
0.16857793198246,
0.16917962899758,
0.17008310989332,
0.17097624215337,
0.17176611576673,
0.17225682972970,
0.17305118452717,
0.17366016986767,
0.17429873127949,
0.17546316930902,
0.17616528191866,
0.17719583240873,
0.17773544989065,
0.17893856611687,
0.17939472262218,
0.18020978054010,
0.18102618932769,
0.18178170854897,
0.18280241861665,
0.18330939659579,
0.18397723818204,
0.18506046318563,
0.18586346595862,
0.18628695523077,
0.18724847420426,
0.18811301033452,
0.18861943551541,
0.18962593548955,
0.19030081958994,
0.19083018387231,
0.19168535382271,
0.19217191472498,
0.19275696605270,
0.19399434500317,
0.19468230505740,
0.19526115159166,
0.19575946687613,
0.19651205574020,
0.19740188972675,
0.19782953645118,
0.19887383263273,
0.19989689958064,
0.20055867490282,
0.20124862856851,
0.20186989596240,
0.20272376026465,
0.20316630259512,
0.20388268774750,
0.20454485494641,
0.20527254332018,
0.20579235999453,
0.20660657926799,
0.20716638295094,
0.20808390008007,
0.20855578201897,
0.20916766932503,
0.21002614493866,
0.21056456963903,
0.21122525592433,
0.21168209894967,
0.21258885260796,
0.21316517933293,
0.21388836205539,
0.21438243684148,
0.21515626098016,
0.21580704528279,
0.21639570846124,
0.21721147334937,
0.21772809235812,
0.21837006358247,
0.21904542522157,
0.21967776395106,
0.22033761562588,
0.22108850932655,
0.22171116053026,
0.22232897198957,
0.22306333989650,
0.22371792869295,
0.22430710103088,
0.22498648677981,
0.22564846940782,
0.22627622080152,
0.22689127238097,
0.22752792161727,
0.22819695121317,
0.22886061382304,
0.22944786528528,
0.23006163421819,
0.23065461772865,
0.23128123927547,
0.23189674639529,
0.23239746451011,
0.23300491669250,
0.23350416511670,
0.23414195659118,
0.23471184246570,
0.23525814020950,
0.23590777142878,
0.23645153645731,
0.23704368760329,
0.23764038367508,
0.23826449082465,
0.23885833297903,
0.23943384253921,
0.24007825784398,
0.24062205037611,
0.24127824373674,
0.24189359063911,
0.24248252351794,
0.24309401820385,
0.24366150096852,
0.24425159609930,
0.24489113699469,
0.24552392872302,
0.24609004828751,
0.24670726494718,
0.24727841540691,
0.24782309024705,
0.24841299812407,
0.24904680850163,
0.24954867417492,
0.25013496268893,
0.25072133269374,
0.25123237723801,
0.25183174643365,
0.25233389214340,
0.25287016940135,
0.25340190395945,
0.25399278937256,
0.25449414500881,
0.25501618376874,
0.25556346562681,
0.25611154478435,
0.25660461276479,
0.25715200004575,
0.25770403405790,
0.25825662151759,
0.25879206158520,
0.25942430275856,
0.25991472575218,
0.26050645863905,
0.26108995331727,
0.26165351741910,
0.26229324162398,
0.26285464720741,
0.26344848211751,
0.26406554016976,
0.26467620588809,
0.26521244248240,
0.26572871292976,
0.26623506400546,
0.26675070961897,
0.26729676444306,
0.26770052932529,
0.26829160716302,
0.26874029688195,
0.26935484321855,
0.26978541942833,
0.27029388621441,
0.27083243361322,
0.27129812024479,
0.27182692444566,
0.27238038467098,
0.27289412090610,
0.27338155865594,
0.27389809263025,
0.27444534952927,
0.27489494884538,
0.27543033770394,
0.27596873541761,
0.27647213794343,
0.27698879423939,
0.27747086941164,
0.27800839465183,
0.27853779214972,
0.27909370599134,
0.27960837945919,
0.28017898357226,
0.28075098721152,
0.28127585583953,
0.28184551191831,
0.28237676100075,
0.28294171756341,
0.28346419590744,
0.28396661593055,
0.28453407959070,
0.28500483831586,
0.28551338166366,
0.28597274527265,
0.28643075202618,
0.28688499613958,
0.28727171343976,
0.28775871091283,
0.28819280498239,
0.28866572738140,
0.28903108304296,
0.28951337409990,
0.28989820088997,
0.29032121728789,
0.29080469629318,
0.29142195501796,
0.29200597350957,
0.29257983322618,
0.29314483948563,
0.29367458174723,
0.29403383650968,
0.29453638531269,
0.29504712033622,
0.29566509652053,
0.29615728731168,
0.29671234881494,
0.29730537505689,
0.29782805551333,
0.29835756676738,
0.29885170436285,
0.29934331331342,
0.29980900592778,
0.30029813962976,
0.30076031441340,
0.30115656226032,
0.30163293048654,
0.30207869302057,
0.30252173552565,
0.30295691851967,
0.30341273337281,
0.30387364420791,
0.30426406591412,
0.30475461360331,
0.30510585489321,
0.30556769345026,
0.30601106344631,
0.30639255518650,
0.30685334025609,
0.30725610602041,
0.30767406608253,
0.30815859340129,
0.30866506401213,
0.30923158754941,
0.30974292922446,
0.31028074567814,
0.31084567062046,
0.31133727754109,
0.31183629892520,
0.31234388976444,
0.31289939461390,
0.31333091283479,
0.31382955679123,
0.31430092760278,
0.31482203328415,
0.31521330310950,
0.31572083192247,
0.31619098806628,
0.31660311805682,
0.31706319441609,
0.31752982389172,
0.31796963468388,
0.31839050771302,
0.31885640176291,
0.31928853955712,
0.31974076957630,
0.32016907446171,
0.32061611092594,
0.32105769242070,
0.32148355759866,
0.32192956434923,
0.32236904429529,
0.32281804559935,
0.32326328960088,
0.32368699045281,
0.32415769932317,
0.32458527599865,
0.32502362170918,
0.32550392724333,
0.32592306317942,
0.32640146961384,
0.32681813890580,
0.32728436085923,
0.32774758110621,
0.32820437283919,
0.32863017245748,
0.32912383116866,
0.32955520802734,
0.33002989937996,
0.33045366156439,
0.33094678562687,
0.33136146469225,
0.33180780156827,
0.33226788231621,
0.33269753579065,
0.33314429333070,
0.33360034487459,
0.33405233368576,
0.33448044673850,
0.33495956656708,
0.33536137222048,
0.33585361262228,
0.33626197156631,
0.33673002727941,
0.33717973013926,
0.33761662793482,
0.33804763850016,
0.33853477541289,
0.33892200138063,
0.33939163310606,
0.33989981521618,
0.34024858923566,
0.34079807657073,
0.34118645081973,
0.34162231623469,
0.34211805901021,
0.34252481835566,
0.34297517539591,
0.34346028621866,
0.34385428946724,
0.34432900400953,
0.34477512384883,
0.34520677327430,
0.34567426393013,
0.34610556750777,
0.34655237084839,
0.34699104884025,
0.34746350746203,
0.34788537394261,
0.34834919282800,
0.34878757149818,
0.34922464108560,
0.34968353283483,
0.35011163526604,
0.35055193720983,
0.35100705592934,
0.35144086408511,
0.35187807872393,
0.35231795854121,
0.35276329969588,
0.35318331601287,
0.35365774144501,
0.35407608863396,
0.35451395359547,
0.35497242350962,
0.35538281770112,
0.35582049683703,
0.35628535733081,
0.35666345538587,
0.35716296284880,
0.35753832090052,
0.35801512206096,
0.35843254287742,
0.35885859743869,
0.35929230974055,
0.35974090539149,
0.36012054131826,
0.36059101711988,
0.36100487801248,
0.36140264379797,
0.36184716933200,
0.36219621069054,
0.36266180534588,
0.36306423669582,
0.36346717117622,
0.36388736784863,
0.36428785114558,
0.36467959052571,
0.36509305428152,
0.36552354261180,
0.36587653263389,
0.36632664761402,
0.36668980602608,
0.36707718237588,
0.36750963966276,
0.36785339885595,
0.36828361274828,
0.36867992963940,
0.36905158507229,
0.36947872736596,
0.36984001835997,
0.37024522616103,
0.37063239052523,
0.37101611705443,
0.37142758669317,
0.37179632474347,
0.37220046803691,
0.37259517648416,
0.37297228543008,
0.37337919760956,
0.37376881723457,
0.37414290870190,
0.37455392849726,
0.37493580761812,
0.37531114801652,
0.37573905513513,
0.37610644046851,
0.37651620325728,
0.37691307934462,
0.37729248698343,
0.37769973611118,
0.37810233395187,
0.37849304047507,
0.37887610516010,
0.37930381320671,
0.37965955991364,
0.38008155301614,
0.38048391895206,
0.38084734695271,
0.38130202692702,
0.38166213323482,
0.38205498783086,
0.38247756674819,
0.38284150428928,
0.38324639631132,
0.38365890541771,
0.38401669133479,
0.38445013281645,
0.38484823503370,
0.38520707734081,
0.38562372046451,
0.38600391076049,
0.38637438374054,
0.38682369418732,
0.38718306077256,
0.38759010493302,
0.38793311278182,
0.38833351385445,
0.38871064472634,
0.38909685160081,
0.38946720782080,
0.38983852625631,
0.39021749205803,
0.39059980507279,
0.39096128687862,
0.39133825098361,
0.39169078391312,
0.39208834007069,
0.39245759363723,
0.39279506593285,
0.39320709803326,
0.39355060768608,
0.39392472191941,
0.39428369148992,
0.39464677127025,
0.39501705020710,
0.39539292717615,
0.39574484120772,
0.39612611837443,
0.39648826382903,
0.39685283547423,
0.39721595284588,
0.39757079078077,
0.39794595269320,
0.39830143201316,
0.39868051831444,
0.39903456198996,
0.39939610647832,
0.39977559933015,
0.40011871026292,
0.40050842428713,
0.40087600898248,
0.40122196122687,
0.40161263066110,
0.40196955862534,
0.40232867373202,
0.40271781349162,
0.40309406919664,
0.40344551542638,
0.40382826696293,
0.40418776499973,
0.40455251786379,
0.40494529463589,
0.40529789525845,
0.40569641890482,
0.40606683668037,
0.40642696037910,
0.40681198363955,
0.40715669163187,
0.40754445742997,
0.40789416511260,
0.40828011909149,
0.40863509483579,
0.40900569882269,
0.40940274188946,
0.40976233241634,
0.41014923665839,
0.41049568707016,
0.41087299825150,
0.41125180588177,
0.41159887762449,
0.41198940661368,
0.41232561156403,
0.41269738303671,
0.41306557751799,
0.41340099706654,
0.41379412015641,
0.41412952253547,
0.41448874850395,
0.41487069820782,
0.41522532283581,
0.41558310683828,
0.41593617044762,
0.41627315033171,
0.41663268311893,
0.41699555447810,
0.41734641871526,
0.41771218949481,
0.41804723568644,
0.41838315194049,
0.41873704721983,
0.41907923140985,
0.41944149881362,
0.41979403231506,
0.42013751728662,
0.42047778128613,
0.42081480441775,
0.42115810031064,
0.42149329041410,
0.42186670724894,
0.42220953795148,
0.42255886406512,
0.42290187557565,
0.42323946262820,
0.42358934903024,
0.42395492775838,
0.42429884349708,
0.42464716527486,
0.42500845534071,
0.42534412675402,
0.42571259754919,
0.42606699394857,
0.42642213743787,
0.42676858400596,
0.42712351113943,
0.42746625577173,
0.42783787155112,
0.42818058516933,
0.42853153062246,
0.42889111193684,
0.42923624130727,
0.42962270777764,
0.42997517545036,
0.43032141427196,
0.43066536345657,
0.43103157907671,
0.43138203406328,
0.43174449793034,
0.43210729173983,
0.43245083519883,
0.43280134471461,
0.43316470000642,
0.43350088742308,
0.43386383227272,
0.43420018083605,
0.43457517294384,
0.43491749608343,
0.43528592380558,
0.43563259080540,
0.43597904904517,
0.43633149014980,
0.43666819176730,
0.43703620079711,
0.43737284288277,
0.43770947006948,
0.43805211701946,
0.43839073189023,
0.43875334277332,
0.43910309980330,
0.43943950620232,
0.43977844396419,
0.44012204099895,
0.44046519648010,
0.44080126489541,
0.44115154967823,
0.44148753881698,
0.44182352576851,
0.44215950318156,
0.44250053074630,
0.44283646719076,
0.44317789749238,
0.44351376511664,
0.44384958886616,
0.44418839201786,
0.44452940786781,
0.44486506301509,
0.44521638216943,
0.44555189606054,
0.44590547911607,
0.44624494023667,
0.44660038584258,
0.44693556297543,
0.44728427925979,
0.44761927132894,
0.44795651519409,
0.44831770957292,
0.44865765620222,
0.44899225807357,
0.44935413591011,
0.44968853812887,
0.45005022011570,
0.45039148512080,
0.45072814862080,
0.45106998062071,
0.45141806886988,
0.45175191518339,
0.45209414805760,
0.45244483527287,
0.45277857309752,
0.45312285001639,
0.45346356336304,
0.45379838939814,
0.45414450874190,
0.45448800638497,
0.45482165676786,
0.45516776774830,
0.45550381826363,
0.45584128148404,
0.45618132233600,
0.45652799628355,
0.45686196487099,
0.45721396901364,
0.45754804791253,
0.45788249467354,
0.45821944053022,
0.45855939459785,
0.45889366436763,
0.45923652144079,
0.45957087355385,
0.45990526277287,
0.46023968670248,
0.46057495481278,
0.46090944092350,
0.46124482554895,
0.46157953233176,
0.46191445293369,
0.46224958245093,
0.46258491518440,
0.46292044465983,
0.46325689048018,
0.46359279141788,
0.46392886524945,
0.46426510265857,
0.46460149369801,
0.46493802782655,
0.46527937764666,
0.46561616574203,
0.46595306197003,
0.46629005382035,
0.46662712840507,
0.46696427250694,
0.46730147262883,
0.46763871504432,
0.46797598584910,
0.46831329726591,
0.46865065390403,
0.46898804062601,
0.46932544213414,
0.46966284303376,
0.47000022789706,
0.47033758132712,
0.47067488802183,
0.47101213283755,
0.47134930085186,
0.47168637742543,
0.47202334826248,
0.47236019946960,
0.47269928170756,
0.47303585279690,
0.47337659191920,
0.47371283216665,
0.47405056359656,
0.47438642977682,
0.47472771700208,
0.47506316800993,
0.47540476727055,
0.47574007181089,
0.47607721963684,
0.47641248976304,
0.47675320123157,
0.47708828370717,
0.47742835925897,
0.47776337728947,
0.47809874393179,
0.47843368073999,
0.47877195917173,
0.47910679743132,
0.47944368268621,
0.47977844606464,
0.48011317268500,
0.48044786937025,
0.48078252759867,
0.48111714268880,
0.48145170997594,
0.48178622482353,
0.48212068263465,
0.48245507886354,
0.48278940902722,
0.48312366871718,
0.48345785361098,
0.48379195948400,
0.48412601437399,
0.48446005019539,
0.48479406644491,
0.48512806265229,
0.48546203838075,
0.48579599322727,
0.48612992682288,
0.48646383883286,
0.48679772895689,
0.48713159692915,
0.48746544251833,
0.48779926552760,
0.48813306579451,
0.48846684326031,
0.48880059949295,
0.48913433440099,
0.48946804792515,
0.48980175750983,
0.49013546717045,
0.49046917655566,
0.49080288531397,
0.49113659448059,
0.49147030740195,
0.49180402359457,
0.49213774256669,
0.49247146381862,
0.49280518684321,
0.49313891112630,
0.49347263614718,
0.49380636137904,
0.49414008628944,
0.49447381034080,
0.49480753299084,
0.49514125369313,
0.49547497189753,
0.49580868705068,
0.49614239859654,
0.49647610597686,
0.49680980863169,
0.49714350599988,
0.49747719751960,
0.49781088262885,
0.49814456076595,
0.49847823137006,
0.49881189388172,
0.49914554774328,
0.49947919239952,
0.49981282729803,
0.50014645188982,
0.50048006562976,
0.50081366797710,
0.50114725839595,
0.50148083635578,
0.50181440133191,
0.50214795280598,
0.50248149026640,
0.50281501320890,
0.50314852113686,
0.50348201356191,
0.50381549000425,
0.50414894999318,
0.50448239804742,
0.50481583658466,
0.50514926533020,
0.50548268401687,
0.50581609238536,
0.50614949018448,
0.50648287717136,
0.50681625311180,
0.50714961778041,
0.50748297096089,
0.50781631244624,
0.50814964577957,
0.50848297911291,
0.50881631244624,
0.50914964577958,
0.50948297911291,
0.50981631244624,
0.51014964577958,
0.51048297911291,
0.51081631244624,
0.51114964577958,
0.51148297911291,
0.51181631244624,
0.51214964577958,
0.51248297911291,
0.51281631244624,
0.51314964577958,
0.51348297911291,
0.51381631244624,
0.51414964577958,
0.51448297911291,
0.51481631244624,
0.51514964577958,
0.51548297911291,
0.51581631244624,
0.51614964577958,
0.51648297911291,
0.51681631244624,
0.51714964577958,
0.51748297911291,
0.51781631244624,
0.51814964577958,
0.51848297911291,
0.51881631244624,
0.51914964577958,
0.51948297911291,
0.51981631244624,
0.52014964577958,
0.52048297911291,
0.52081631244624,
0.52114964577958,
0.52148297911291,
0.52181631244624,
0.52214964577958,
0.52248297911291,
0.52281631244624,
0.52314964577958,
0.52348297911291,
0.52381631244624,
0.52414964577958,
0.52448297911291,
0.52481631244624,
0.52514964577958,
0.52548297911291,
0.52581631244624,
0.52614964577958,
0.52648297911291,
0.52681631244624,
0.52714964577958,
0.52748297911291,
0.52781631244624,
0.52814964577958,
0.52848297911291,
0.52881631244624,
0.52914964577958,
0.52948297911291,
0.52981631244624,
0.53014964577958,
0.53048297911291,
0.53081631244624,
0.53114964577958,
0.53148297911291,
0.53181631244624,
0.53214964577958,
0.53248297911291,
0.53281631244624,
0.53314964577958,
0.53348297911291,
0.53381631244624,
0.53414964577958,
0.53448297911291,
0.53481631244624,
0.53514964577958,
0.53548297911291,
0.53581631244624,
0.53614964577958,
0.53648297911291,
0.53681631244624,
0.53714964577958,
0.53748297911291,
0.53781631244624,
0.53814964577957,
0.53848297911291,
0.53881631244624,
0.53914964577957,
0.53948297911291,
0.53981631244624,
0.54014964577957,
0.54048297911291,
0.54081631244624,
0.54114964577957,
0.54148297911291,
0.54181631244624,
0.54214964577957,
0.54248297911291,
0.54281631244624,
0.54314964577957,
0.54348297911291,
0.54381631244624,
0.54414964577957,
0.54448297911291,
0.54481631244624,
0.54514964577957,
0.54548297911291,
0.54581631244624,
0.54614964577957,
0.54648297911291,
0.54681631244624,
0.54714964577957,
0.54748297911291,
0.54781631244624,
0.54814964577957,
0.54848297911291,
0.54881631244624,
0.54914964577957,
0.54948297911291,
0.54981631244624,
0.55014964577957,
0.55048297911291,
0.55081631244624,
0.55114964577957,
0.55148297911291,
0.55181631244624,
0.55214964577957,
0.55248297911291,
0.55281631244624,
0.55314964577957,
0.55348297911291,
0.55381631244624,
0.55414964577957,
0.55448297911291,
0.55481631244624,
0.55514964577957,
0.55548297911291,
0.55581631244624,
0.55614964577957,
0.55648297911291,
0.55681631244624,
0.55714964577957,
0.55748297911291,
0.55781631244624,
0.55814964577957,
0.55848297911291,
0.55881631244624,
0.55914964577957,
0.55948297911291,
0.55981631244624,
0.56014964577957,
0.56048297911291,
0.56081631244624,
0.56114964577957,
0.56148297911291,
0.56181631244624,
0.56214964577957,
0.56248297911291,
0.56281631244624,
0.56314964577957,
0.56348297911291,
0.56381631244624,
0.56414964577957,
0.56448297911291,
0.56481631244624,
0.56514964577957,
0.56548297911291,
0.56581631244624,
0.56614964577957,
0.56648297911291,
0.56681631244624,
0.56714964577957,
0.56748297911291,
0.56781631244624,
0.56814964577957,
0.56848297911291,
0.56881631244624,
0.56914964577957,
0.56948297911291,
0.56981631244624,
0.57014964577957,
0.57048297911291,
0.57081631244624,
0.57114964577957,
0.57148297911290,
0.57181631244624,
0.57214964577957,
0.57248297911290,
0.57281631244624,
0.57314964577957,
0.57348297911290,
0.57381631244624,
0.57414964577957,
0.57448297911290,
0.57481631244624,
0.57514964577957,
0.57548297911290,
0.57581631244624,
0.57614964577957,
0.57648297911290,
0.57681631244624,
0.57714964577957,
0.57748297911290,
0.57781631244624,
0.57814964577957,
0.57848297911290,
0.57881631244624,
0.57914964577957,
0.57948297911290,
0.57981631244624,
0.58014964577957,
0.58048297911290,
0.58081631244624,
0.58114964577957,
0.58148297911290,
0.58181631244624,
0.58214964577957,
0.58248297911290,
0.58281631244624,
0.58314964577957,
0.58348297911290,
0.58381631244624,
0.58414964577957,
0.58448297911290,
0.58481631244624,
0.58514964577957,
0.58548297911290,
0.58581631244624,
0.58614964577957,
0.58648297911290,
0.58681631244624,
0.58714964577957,
0.58748297911290,
0.58781631244624,
0.58814964577957,
0.58848297911290,
0.58881631244624,
0.58914964577957,
0.58948297911290,
0.58981631244624,
0.59014964577957,
0.59048297911290,
0.59081631244624,
0.59114964577957,
0.59148297911290,
0.59181631244624,
0.59214964577957,
0.59248297911290,
0.59281631244624,
0.59314964577957,
0.59348297911290,
0.59381631244624,
0.59414964577957,
0.59448297911290,
0.59481631244624,
0.59514964577957,
0.59548297911290,
0.59581631244624,
0.59614964577957,
0.59648297911290,
0.59681631244624,
0.59714964577957,
0.59748297911290,
0.59781631244624,
0.59814964577957,
0.59848297911290,
0.59881631244624,
0.59914964577957,
0.59948297911290,
0.59981631244624,
0.60014964577957,
0.60048297911290,
0.60081631244624,
0.60114964577957,
0.60148297911290,
0.60181631244624,
0.60214964577957,
0.60248297911290,
0.60281631244624,
0.60314964577957,
0.60348297911290,
0.60381631244623,
0.60414964577957,
0.60448297911290,
0.60481631244623,
0.60514964577957,
0.60548297911290,
0.60581631244623,
0.60614964577957,
0.60648297911290,
0.60681631244623,
0.60714964577957,
0.60748297911290,
0.60781631244623,
0.60814964577957,
0.60848297911290,
0.60881631244623,
0.60914964577957,
0.60948297911290,
0.60981631244623,
0.61014964577957,
0.61048297911290,
0.61081631244623,
0.61114964577957,
0.61148297911290,
0.61181631244623,
0.61214964577957,
0.61248297911290,
0.61281631244623,
0.61314964577957,
0.61348297911290,
0.61381631244623,
0.61414964577957,
0.61448297911290,
0.61481631244623,
0.61514964577957,
0.61548297911290,
0.61581631244623,
0.61614964577957,
0.61648297911290,
0.61681631244623,
0.61714964577957,
0.61748297911290,
0.61781631244623,
0.61814964577957,
0.61848297911290,
0.61881631244623,
0.61914964577957,
0.61948297911290,
0.61981631244623,
0.62014964577957,
0.62048297911290,
0.62081631244623,
0.62114964577957,
0.62148297911290,
0.62181631244623,
0.62214964577957,
0.62248297911290,
0.62281631244623,
0.62314964577957,
0.62348297911290,
0.62381631244623,
0.62414964577957,
0.62448297911290,
0.62481631244623,
0.62514964577957,
0.62548297911290,
0.62581631244623,
0.62614964577957,
0.62648297911290,
0.62681631244623,
0.62714964577957,
0.62748297911290,
0.62781631244623,
0.62814964577957,
0.62848297911290,
0.62881631244623,
0.62914964577957,
0.62948297911290,
0.62981631244623,
0.63014964577957,
0.63048297911290,
0.63081631244623,
0.63114964577957,
0.63148297911290,
0.63181631244623,
0.63214964577957,
0.63248297911290,
0.63281631244623,
0.63314964577957,
0.63348297911290,
0.63381631244623,
0.63414964577956,
0.63448297911290,
0.63481631244623,
0.63514964577956,
0.63548297911290,
0.63581631244623,
0.63614964577956,
0.63648297911290,
0.63681631244623,
0.63714964577956,
0.63748297911290,
0.63781631244623,
0.63814964577956,
0.63848297911290,
0.63881631244623,
0.63914964577956,
0.63948297911290,
0.63981631244623,
0.64014964577956,
0.64048297911290,
0.64081631244623,
0.64114964577956,
0.64148297911290,
0.64181631244623,
0.64214964577956,
0.64248297911290,
0.64281631244623,
0.64314964577956,
0.64348297911290,
0.64381631244623,
0.64414964577956,
0.64448297911290,
0.64481631244623,
0.64514964577956,
0.64548297911290,
0.64581631244623,
0.64614964577956,
0.64648297911290,
0.64681631244623,
0.64714964577956,
0.64748297911290,
0.64781631244623,
0.64814964577956,
0.64848297911290,
0.64881631244623,
0.64914964577956,
0.64948297911290,
0.64981631244623,
0.65014964577956,
0.65048298296342,
0.65081959455418,
0.65115615128375,
0.65149265276086,
0.65182909863952,
0.65216548861859,
0.65250182244132,
0.65283809989482,
0.65317432080947,
0.65351048505827,
0.65384659255622,
0.65418264325960,
0.65451863716519,
0.65485626789222,
0.65519583682434,
0.65553528698706,
0.65587461597613,
0.65621382154955,
0.65655290163009,
0.65689185430754,
0.65723067784061,
0.65756937065848,
0.65790793136200,
0.65824635872459,
0.65858465169277,
0.65892280938637,
0.65926083109843,
0.65959871629468,
0.65993646461286,
0.66027407586153,
0.66061155001871,
0.66094888723012,
0.66128608780716,
0.66162491203964,
0.66196607392832,
0.66232384237034,
0.66266445996080,
0.66300607381285,
0.66335339805060,
0.66370063666488,
0.66404018244831,
0.66439227561655,
0.66473129329566,
0.66507033746921,
0.66541307569319,
0.66575799113996,
0.66609600913063,
0.66644545293842,
0.66678299750131,
0.66712031844234,
0.66746134957433,
0.66780379927084,
0.66814053189055,
0.66848561192895,
0.66882199758389,
0.66915832821404,
0.66949551857099,
0.66985896298435,
0.67023985176972,
0.67063514364878,
0.67099483887828,
0.67137833489881,
0.67174316718906,
0.67210386497273,
0.67247705843740,
0.67282675562785,
0.67329294210179,
0.67373390195769,
0.67415224096829,
0.67458340219599,
0.67497159539529,
0.67538931309133,
0.67577262460087,
0.67616903559622,
0.67653646619863,
0.67693840860892,
0.67730212714699,
0.67767550420083,
0.67802173726246,
0.67838547393086,
0.67872127595393,
0.67907867139078,
0.67941447382808,
0.67980753682279,
0.68014962427987,
0.68051172877171,
0.68088946478182,
0.68122543936319,
0.68158683134765,
0.68192921949211,
0.68227559031469,
0.68264795237867,
0.68298640773445,
0.68332518283859,
0.68367768395210,
0.68401266464474,
0.68434827616741,
0.68468716762888,
0.68502745318023,
0.68536231834816,
0.68571124238979,
0.68604601522466,
0.68638073477406,
0.68671921705496,
0.68706067525262,
0.68739520250870,
0.68775009565105,
0.68808576172775,
0.68843931017177,
0.68878036327032,
0.68914731202130,
0.68957519203526,
0.68997456537819,
0.69038588837803,
0.69082284236166,
0.69119268956249,
0.69160788595953,
0.69198007182915,
0.69237354861214,
0.69274892132556,
0.69316508992017,
0.69351569280548,
0.69394629107130,
0.69429920608322,
0.69467714498877,
0.69506461533910,
0.69541846003149,
0.69581519630594,
0.69619858933101,
0.69655934935986,
0.69698296326202,
0.69734794059289,
0.69770874788776,
0.69813368231485,
0.69850158185086,
0.69888937585669,
0.69929706106387,
0.69967329168170,
0.70006575493021,
0.70046516907777,
0.70082892045722,
0.70124639921934,
0.70160519107973,
0.70199721089719,
0.70239912243528,
0.70277891904845,
0.70317123114456,
0.70356299235072,
0.70391927316576,
0.70431084056277,
0.70468546835461,
0.70505138611871,
0.70544993838168,
0.70580222913250,
0.70618185136523,
0.70652702649529,
0.70692961422653,
0.70727990326432,
0.70767105607909,
0.70803807382830,
0.70837848097830,
0.70875850656039,
0.70910879061516,
0.70945591785435,
0.70983488154046,
0.71017996549832,
0.71056456999546,
0.71092825164552,
0.71129743637374,
0.71167267157966,
0.71205586635977,
0.71244385525818,
0.71282986132510,
0.71322016631331,
0.71362604241520,
0.71400598355764,
0.71443986665815,
0.71485866314689,
0.71525041903440,
0.71572558444889,
0.71610057939248,
0.71652570365996,
0.71699888304382,
0.71734416334135,
0.71783851873683,
0.71819957751801,
0.71868436316861,
0.71908681414311,
0.71953813928483,
0.71994079089806,
0.72034650894146,
0.72077899067772,
0.72116657781910,
0.72158165915721,
0.72198748578078,
0.72236226252540,
0.72272164674550,
0.72317663260707,
0.72351662315184,
0.72395923897375,
0.72431950083019,
0.72466260071412,
0.72503523612529,
0.72536959475065,
0.72573765342193,
0.72608285090705,
0.72646475857691,
0.72679937492441,
0.72715891053692,
0.72749362830732,
0.72784806631240,
0.72818286806808,
0.72860046866832,
0.72905643373007,
0.72943213690291,
0.72984636793619,
0.73025473214743,
0.73067671691128,
0.73113205220290,
0.73152421586761,
0.73199839087770,
0.73244848163133,
0.73296254421104,
0.73339319790877,
0.73393732774504,
0.73445404888478,
0.73509171577488,
0.73555328384247,
0.73595028307452,
0.73633764280957,
0.73669567549202,
0.73705609456017,
0.73740637253527,
0.73776325052427,
0.73812725434797,
0.73848962847125,
0.73885245692513,
0.73922208875045,
0.73960627730645,
0.74000462881631,
0.74040869086403,
0.74080610054498,
0.74122023446914,
0.74161571880749,
0.74203877502782,
0.74246386456041,
0.74286185108995,
0.74328800382945,
0.74367429411311,
0.74408078618763,
0.74445864909738,
0.74483716464481,
0.74525309820673,
0.74573223949664,
0.74618837444471,
0.74668539811111,
0.74721642109355,
0.74761400822143,
0.74814596422157,
0.74857174167702,
0.74903575583320,
0.74949699342611,
0.74992151000831,
0.75034438306199,
0.75078441795149,
0.75121595031574,
0.75164162359775,
0.75201017963899,
0.75243656712827,
0.75288689232501,
0.75329870743318,
0.75366505955933,
0.75406673056726,
0.75452953964892,
0.75493636335883,
0.75532710414654,
0.75580035924892,
0.75618538480694,
0.75663352530445,
0.75708526541243,
0.75751055216580,
0.75796009553569,
0.75844261647691,
0.75885028099543,
0.75936928759572,
0.75978803503290,
0.76027307014463,
0.76076088730161,
0.76119876986610,
0.76169914411563,
0.76215659876609,
0.76259995842275,
0.76306902823375,
0.76351160352134,
0.76396521678198,
0.76440113536810,
0.76486931099726,
0.76522999617886,
0.76567974765882,
0.76602818798804,
0.76645560091575,
0.76680710065096,
0.76721040452010,
0.76759943370541,
0.76796201349235,
0.76831794531232,
0.76868950208771,
0.76902587358318,
0.76937107531539,
0.76970985669574,
0.77026801453859,
0.77076321894584,
0.77138836227351,
0.77191827442066,
0.77246383734333,
0.77326892596652,
0.77392207789471,
0.77490293788714,
0.77567862965661,
0.77609557472875,
0.77644481095357,
0.77680844312075,
0.77715025080798,
0.77749719921312,
0.77784807483873,
0.77818568726233,
0.77854866073819,
0.77888612751331,
0.77923101569181,
0.77958495581264,
0.77993689412446,
0.78038679413329,
0.78079375142626,
0.78122486646693,
0.78163013504946,
0.78210637284830,
0.78249494937937,
0.78301789063775,
0.78343937588575,
0.78393853500794,
0.78448109551237,
0.78500731295488,
0.78552646384687,
0.78609654792077,
0.78672923431941,
0.78723911958048,
0.78784694349408,
0.78846022635382,
0.78904151491307,
0.78957870972898,
0.79007100423160,
0.79056418189259,
0.79095392120396,
0.79142760326268,
0.79190685779685,
0.79233512134806,
0.79276965695570,
0.79316813052357,
0.79365432515579,
0.79408511037848,
0.79451916672875,
0.79497137884067,
0.79544438547173,
0.79592742682675,
0.79639928022912,
0.79683854514496,
0.79730684915981,
0.79780721190956,
0.79832516753435,
0.79882573663602,
0.79939363149053,
0.79988441967054,
0.80044341940546,
0.80094334121461,
0.80142029314029,
0.80187650910350,
0.80231904316591,
0.80276729617117,
0.80328376717112,
0.80378066176638,
0.80425131492743,
0.80477116996933,
0.80530476416736,
0.80575616321383,
0.80631795017746,
0.80689462932864,
0.80737759064814,
0.80791715832971,
0.80848188947308,
0.80899751973769,
0.80956123853954,
0.81009950108501,
0.81061672911809,
0.81117204561752,
0.81167978159527,
0.81220033814830,
0.81275384725121,
0.81329555501157,
0.81381416446164,
0.81433360238588,
0.81482858571948,
0.81540593158604,
0.81588794398053,
0.81638079197989,
0.81695554811625,
0.81742160577037,
0.81798138908970,
0.81844562058286,
0.81900830361370,
0.81952460122444,
0.82003306884429,
0.82057237472201,
0.82109635318190,
0.82157966496350,
0.82210438531436,
0.82262899715855,
0.82318957792097,
0.82367907616047,
0.82430524658071,
0.82475193131193,
0.82530139272834,
0.82584827440621,
0.82634740144666,
0.82691961877473,
0.82744770421301,
0.82796650103499,
0.82850452405172,
0.82906830914509,
0.82961077488426,
0.83021446526567,
0.83077494400578,
0.83136309568345,
0.83188263885283,
0.83241739308732,
0.83304898624445,
0.83363103294402,
0.83421748933626,
0.83480316785316,
0.83539101719528,
0.83594682311157,
0.83650153386215,
0.83707309615913,
0.83765796402830,
0.83820894486271,
0.83876480733290,
0.83937521807097,
0.83997444575589,
0.84050442764986,
0.84109887643924,
0.84170895141023,
0.84222861082412,
0.84278690793313,
0.84337005442486,
0.84389930724540,
0.84450546681122,
0.84506369027624,
0.84563756202101,
0.84624866452043,
0.84685425694857,
0.84742660825517,
0.84797401259018,
0.84867020377347,
0.84920614308377,
0.84980161161110,
0.85049871340642,
0.85110315693235,
0.85167936555759,
0.85225889979852,
0.85274869820330,
0.85343944988550,
0.85399567506433,
0.85466126080450,
0.85524938429219,
0.85582662822032,
0.85645590234817,
0.85711072448993,
0.85768985203704,
0.85829309751905,
0.85900177237577,
0.85962025953311,
0.86021877823057,
0.86079985289746,
0.86138869831551,
0.86201376051863,
0.86262105563882,
0.86318820025302,
0.86443921430870,
0.86495528638185,
0.86551846661617,
0.86617439242309,
0.86666325680649,
0.86717672675190,
0.86766486249122,
0.86844044395920,
0.86932390068924,
0.86987276162990,
0.87032273090197,
0.87099544835137,
0.87147531189197,
0.87239517721399,
0.87293276852125,
0.87364488310520,
0.87415323687606,
0.87502541369174,
0.87548995075500,
0.87616373313608,
0.87718331022508,
0.87778174597761,
0.87817773263229,
0.87928033908171,
0.87988624039545,
0.88054423158217,
0.88121390446726,
0.88172116817993,
0.88284437417594,
0.88328042541055,
0.88424637358627,
0.88475509037127,
0.88538995520343,
0.88589782482771,
0.88658305370589,
0.88748857123414,
0.88794779344236,
0.88849756033569,
0.88945364717780,
0.89026464473105,
0.89090075650615,
0.89160849125721,
0.89232771925580,
0.89323467083255,
0.89390039684652,
0.89440254086344,
0.89541358328428,
0.89604042359697,
0.89662817232445,
0.89751227735162,
0.89820535230901,
0.89897564041641,
0.89984465619888,
0.90065512159878,
0.90142645933799,
0.90208887013643,
0.90276814550861,
0.90373995908944,
0.90457134002835,
0.90558993811687,
0.90626517340213,
0.90730734407134,
0.90784880855615,
0.90874546891926,
0.90909534668213,
0.90993744993741,
0.91073093230906,
0.91160367551193,
0.91262270905136,
0.91329408565361,
0.91429998619357,
0.91504960651055,
0.91542497956723,
0.91625476812072,
0.91716161062266,
0.91817126822810,
0.91902408809142,
0.91952798846553,
0.92013800414051,
0.92135397160866,
0.92197160319811,
0.92290598090851,
0.92376899491248,
0.92491863268480,
0.92596003951560,
0.92714837491545,
0.92825223450781,
0.92949428448147,
0.93058383254222,
0.93095445284668,
0.93173079324463,
0.93259453912855,
0.93325016352767,
0.93415251572467,
0.93499419296737,
0.93556025984464,
0.93652774489681,
0.93732680941303,
0.93829115553259,
0.93925408306189,
0.94036212083545,
0.94148937030351,
0.94308043816944,
0.94428077622244,
0.94474503553358,
0.94555592724261,
0.94656383557560,
0.94732573585791,
0.94818884557465,
0.94921730535848,
0.94999222243540,
0.95107189510159,
0.95207322998069,
0.95321671645984,
0.95472190071755,
0.95608368156350,
0.95730919583999,
0.95833002435685,
0.95932975313131,
0.96013548791704,
0.96131932488316,
0.96181750325259,
0.96282037564071,
0.96428610874747,
0.96553706814367,
0.96628508806584,
0.96718818824799,
0.96845189203298,
0.96970658897442,
0.97113074009512,
0.97176305527679,
0.97226088046295,
0.97266460681553,
0.97307435162962,
0.97347501198460,
0.97395051198883,
0.97437387567100,
0.97489421607985,
0.97539764198965,
0.97596299485309,
0.97657369344467,
0.97719784881138,
0.98733333333333,
0.98766666666667,
0.98800000000000,
0.98833333333333,
0.98866666666667,
0.98900000000000,
0.98933333333333,
0.98966666666667,
0.99000000000000,
0.99033333333333,
0.99066666666667,
0.99100000000000,
0.99133333333333,
0.99166666666667,
0.99200000000000,
0.99233333333333,
0.99266666666667,
0.99300000000000,
0.99333333333333,
0.99366666666667,
0.99400000000000,
0.99433333333333,
0.99466666666667,
0.99500000000000,
0.99533333333333,
0.99566666666667,
0.99600000000000,
0.99633333333333,
0.99666666666667,
0.99700000000000,
0.99733333333333,
0.99766666666667,
0.99800000000000,
0.99833333333333,
0.99866666666667,
0.99900000000000,
0.99933333333333,
0.99966666666667,
1
