0,
0.00111111111111,
0.00222222222222,
0.00333333333333,
0.00444444444444,
0.00555555555556,
0.00666666666667,
0.00777777777778,
0.00888888888889,
0.02265311810976,
0.03940734848972,
0.04313164850032,
0.04795809047697,
0.05782721087781,
0.06045832022118,
0.06955654634423,
0.07158730464290,
0.07748211250216,
0.08374893890668,
0.08724200043254,
0.09317009762160,
0.09761975490776,
0.09946088516617,
0.10588096896088,
0.10907162414309,
0.11455510330002,
0.11593504274379,
0.12071460446544,
0.12534658799709,
0.12727847730529,
0.13226297462428,
0.13369624737191,
0.13930054323070,
0.14124242779088,
0.14527324867514,
0.14700644117812,
0.15104169202938,
0.15256709552933,
0.15697000084235,
0.16124046033537,
0.16304353124003,
0.16460912412701,
0.16751803103858,
0.17137327809974,
0.17350094916927,
0.17544857001072,
0.17985436773025,
0.18189121528004,
0.18400952303055,
0.18601433529390,
0.18808035256452,
0.19246763701477,
0.19447129162168,
0.19648307924466,
0.19847341756007,
0.20031175147608,
0.20249269557185,
0.20652837386600,
0.20851271386674,
0.21053211098864,
0.21229231680125,
0.21448835587395,
0.21656490998506,
0.21892959788658,
0.22084549285488,
0.22360146438986,
0.22545739674485,
0.22743072057369,
0.22948848889162,
0.23154155163401,
0.23332801652283,
0.23558076366382,
0.23766206609075,
0.23954645767559,
0.24155235221079,
0.24360866691512,
0.24544476295807,
0.24749908972414,
0.24924036189927,
0.25132398336593,
0.25296693594464,
0.25474747926398,
0.25655787255731,
0.25855214667357,
0.26045329343839,
0.26236808380553,
0.26429347933401,
0.26586541804489,
0.26761588301831,
0.26927032143553,
0.27130289742730,
0.27293657363700,
0.27437055205003,
0.27601450643990,
0.27807315386198,
0.27995401469410,
0.28166341374593,
0.28355219953126,
0.28525875510304,
0.28663504900891,
0.28819681660093,
0.28953337357990,
0.29140366972985,
0.29288667469114,
0.29452397340601,
0.29624882462039,
0.29811239598772,
0.29992030141593,
0.30159842111969,
0.30304102245707,
0.30436102318712,
0.30582899694749,
0.30725214438521,
0.30884522638085,
0.31062447026108,
0.31235607307888,
0.31382285622609,
0.31527535897594,
0.31684335149759,
0.31819564067167,
0.31969328355888,
0.32125443313931,
0.32283821210485,
0.32426139458828,
0.32593345420739,
0.32734304278846,
0.32864418998863,
0.33036589038221,
0.33184992350983,
0.33334178573302,
0.33469187379492,
0.33606789366142,
0.33741508855033,
0.33905598857807,
0.34045362230544,
0.34196988401218,
0.34357722538879,
0.34514696635609,
0.34662873719395,
0.34824126869658,
0.34952419205283,
0.35095924511288,
0.35253411097592,
0.35396277385345,
0.35540847080934,
0.35676593010702,
0.35817022822391,
0.35952505292057,
0.36097736693734,
0.36224206755841,
0.36360528515640,
0.36513637310105,
0.36641514512544,
0.36765437351308,
0.36901098216332,
0.37031056648537,
0.37160099156292,
0.37307209186785,
0.37452020352144,
0.37570366291199,
0.37707360575329,
0.37857722712129,
0.37983138337732,
0.38100902043098,
0.38236922556234,
0.38360335073978,
0.38505580592171,
0.38628225065369,
0.38754134759953,
0.38867461065183,
0.38994665808226,
0.39117391241425,
0.39236613851224,
0.39366727278591,
0.39494550100744,
0.39630740880204,
0.39756902438562,
0.39885734283024,
0.40003240382706,
0.40132977459484,
0.40258003610826,
0.40373314684393,
0.40498483478945,
0.40629625214312,
0.40742011351465,
0.40867142002049,
0.40995979730216,
0.41107457497416,
0.41232090566044,
0.41356362309583,
0.41475483440114,
0.41590723016518,
0.41702580853505,
0.41815387093649,
0.41927567134418,
0.42041431239925,
0.42154657179842,
0.42275342219290,
0.42389108138812,
0.42502903029872,
0.42646241498653,
0.42762965894590,
0.42878204158337,
0.42998101290406,
0.43114637013393,
0.43229697531310,
0.43351073751690,
0.43476535864402,
0.43588804496169,
0.43713120997809,
0.43825406951052,
0.43938655551042,
0.44050947145754,
0.44163407127154,
0.44275536403644,
0.44388126211309,
0.44500214594087,
0.44612220944226,
0.44724057045576,
0.44844053235998,
0.44955332280749,
0.45069710493167,
0.45184500923634,
0.45297062126580,
0.45408844165708,
0.45520566112233,
0.45638321407627,
0.45749545589522,
0.45860805613614,
0.45972254416637,
0.46084622748239,
0.46197483247908,
0.46310754976288,
0.46424321424661,
0.46538038227959,
0.46651743895753,
0.46765272476520,
0.46878466825190,
0.46991191086002,
0.47103341134931,
0.47216087247973,
0.47327839120710,
0.47439761137391,
0.47551293615353,
0.47662792181828,
0.47774264006961,
0.47885718439935,
0.47997149523944,
0.48108551779715,
0.48219920306158,
0.48331250869044,
0.48442539975826,
0.48553784935018,
0.48664983898883,
0.48776167549847,
0.48887356642539,
0.48998558353760,
0.49109771107355,
0.49220993119074,
0.49332222418717,
0.49443456875055,
0.49554694223207,
0.49665932094067,
0.49777168045357,
0.49888399593856,
0.49999624248343,
0.50110839542754,
0.50222043069077,
0.50333232509504,
0.50444408048025,
0.50555569666202,
0.50666715763107,
0.50777844913069,
0.50888960075784,
0.51000071361177,
0.51111182472288,
0.51222293583399,
0.51333404694510,
0.51444515805621,
0.51555626916732,
0.51666738027843,
0.51777849138955,
0.51888960250066,
0.52000071361177,
0.52111182472288,
0.52222293583399,
0.52333404694510,
0.52444515805621,
0.52555626916732,
0.52666738027843,
0.52777849138955,
0.52888960250066,
0.53000071361177,
0.53111182472288,
0.53222293583399,
0.53333404694510,
0.53444515805621,
0.53555626916732,
0.53666738027843,
0.53777849138954,
0.53888960250066,
0.54000071361177,
0.54111182472288,
0.54222293583399,
0.54333404694510,
0.54444515805621,
0.54555626916732,
0.54666738027843,
0.54777849138954,
0.54888960250066,
0.55000071361177,
0.55111182472288,
0.55222293583399,
0.55333404694510,
0.55444515805621,
0.55555626916732,
0.55666738027843,
0.55777849138954,
0.55888960250066,
0.56000071361177,
0.56111182472288,
0.56222293583399,
0.56333404694510,
0.56444515805621,
0.56555626916732,
0.56666738027843,
0.56777849138954,
0.56888960250065,
0.57000071361177,
0.57111182472288,
0.57222293583399,
0.57333404694510,
0.57444515805621,
0.57555626916732,
0.57666738027843,
0.57777849138954,
0.57888960250065,
0.58000071361177,
0.58111182472288,
0.58222293583399,
0.58333404694510,
0.58444515805621,
0.58555626916732,
0.58666738027843,
0.58777849138954,
0.58888960250065,
0.59000071361176,
0.59111182472288,
0.59222293583399,
0.59333404694510,
0.59444515805621,
0.59555626916732,
0.59666738027843,
0.59777849138954,
0.59888960250065,
0.60000071361176,
0.60111182472288,
0.60222293583399,
0.60333404694510,
0.60444515805621,
0.60555626916732,
0.60666738027843,
0.60777849138954,
0.60888960250065,
0.61000071361176,
0.61111182472288,
0.61222293583399,
0.61333404694510,
0.61444515805621,
0.61555626916732,
0.61666738027843,
0.61777849138954,
0.61888960250065,
0.62000071361176,
0.62111182472287,
0.62222293583399,
0.62333404694510,
0.62444515805621,
0.62555626916732,
0.62666738027843,
0.62777849138954,
0.62888960250065,
0.63000071361176,
0.63111182472287,
0.63222293583399,
0.63333404694510,
0.63444515805621,
0.63555626916732,
0.63666890430244,
0.63778867516798,
0.63890799320381,
0.64002688235262,
0.64114537127017,
0.64226349226847,
0.64338128022546,
0.64449877148653,
0.64561600278218,
0.64673301018534,
0.64784982813028,
0.64897454322992,
0.65010626634178,
0.65123424034508,
0.65236991215759,
0.65350943005639,
0.65466964315445,
0.65580462226117,
0.65694136918169,
0.65807073137577,
0.65919972771610,
0.66035069874595,
0.66150558323747,
0.66267194374942,
0.66385225841290,
0.66502311795003,
0.66618450266865,
0.66732519630474,
0.66850345786175,
0.66963131690800,
0.67075264805555,
0.67187398842343,
0.67299109213358,
0.67423871226524,
0.67540871701680,
0.67663761885797,
0.67791236505336,
0.67926707734832,
0.68055447465847,
0.68213502751996,
0.68334699632801,
0.68452402293308,
0.68573028423726,
0.68692895665889,
0.68814263778678,
0.68935651667292,
0.69052738029063,
0.69170601774131,
0.69286653851148,
0.69403483195717,
0.69525874630589,
0.69659928087441,
0.69776104951367,
0.69895178482457,
0.70028461956220,
0.70160843793161,
0.70297412474311,
0.70428871751726,
0.70566637442926,
0.70700017499866,
0.70828125329150,
0.70958235614217,
0.71077162444517,
0.71203795179152,
0.71320743577564,
0.71453436202650,
0.71575869598786,
0.71716007024995,
0.71858320562282,
0.71985592396695,
0.72117897585104,
0.72260152089224,
0.72403712328406,
0.72519765492092,
0.72633650135998,
0.72779852691884,
0.72897346043225,
0.73040803820391,
0.73188702715463,
0.73354985014133,
0.73495052765452,
0.73614687317283,
0.73752189699067,
0.73895682158977,
0.74018423235778,
0.74138532593457,
0.74279378280700,
0.74420231292005,
0.74558945720757,
0.74702478616174,
0.74860495671184,
0.75022634167927,
0.75188557814271,
0.75319296631817,
0.75454096591688,
0.75569028074678,
0.75709561951164,
0.75855899873314,
0.76017511000580,
0.76180078514503,
0.76330471731474,
0.76451354200244,
0.76604623840611,
0.76743769976861,
0.76923016639786,
0.77073488695563,
0.77212880424710,
0.77382440766420,
0.77536742031892,
0.77714980186739,
0.77830804146547,
0.77976863758841,
0.78123042102217,
0.78258417273698,
0.78446190986393,
0.78626943573470,
0.78796001517691,
0.78949745663681,
0.79105248465630,
0.79273255604766,
0.79425467142803,
0.79565973983752,
0.79735649154527,
0.79911969867308,
0.80076923133436,
0.80263771649720,
0.80413411487718,
0.80610716097494,
0.80768731699423,
0.80925918833607,
0.81064932356134,
0.81259007861273,
0.81427912678497,
0.81612631089008,
0.81801323421262,
0.81985140078102,
0.82179106888922,
0.82352829495892,
0.82545023198561,
0.82696080159346,
0.82864757231887,
0.83022057750289,
0.83226512600566,
0.83440283858914,
0.83638822315914,
0.83825838899487,
0.84012500516238,
0.84219002429221,
0.84377067900925,
0.84586735416374,
0.84742033650842,
0.85026861900239,
0.85219862648076,
0.85401361702233,
0.85564198797401,
0.85849285185852,
0.86023824970765,
0.86238098174578,
0.86381263977897,
0.86607719846523,
0.86755896542761,
0.87187329239828,
0.87368142574997,
0.87523920092956,
0.87651341754369,
0.88008880783278,
0.88205698127812,
0.88425219901782,
0.88615926659283,
0.88999496166746,
0.89164975584893,
0.89303140169461,
0.89683745825494,
0.89853982288221,
0.90074414319754,
0.90476745903292,
0.90666503946503,
0.90858179434422,
0.91175161249036,
0.91479471536689,
0.91819369210385,
0.91994509469864,
0.92242596241097,
0.92615135115198,
0.92996279144951,
0.93217702897252,
0.93382155136420,
0.93767770835938,
0.94230039782099,
0.94588426893298,
0.94755705611184,
0.95108465897410,
0.95644155838584,
0.95787617025382,
0.96137614175196,
0.96770792373042,
0.96976393789117,
0.97404292646725,
0.97581218839646,
0.97767969235182,
0.98777777777778,
0.98888888888889,
0.99000000000000,
0.99111111111111,
0.99222222222222,
0.99333333333333,
0.99444444444444,
0.99555555555556,
0.99666666666667,
0.99777777777778,
0.99888888888889,
1
