0,
0.001996007984,
0.003992015968,
0.005988023952,
0.007984031936,
0.009980039920,
0.017537668056,
0.032623700158,
0.040600734055,
0.052447503110,
0.055893783150,
0.071158118297,
0.075152813919,
0.083768996520,
0.094720231461,
0.098437914304,
0.107161004084,
0.114126826570,
0.120531000734,
0.124396781548,
0.131207314545,
0.139283942663,
0.142384577483,
0.150425332195,
0.153952905799,
0.161934016128,
0.166077636976,
0.169614035474,
0.177239698330,
0.180987119734,
0.184274859785,
0.192361775337,
0.196478121799,
0.199758844382,
0.203385968890,
0.210009158772,
0.212800474562,
0.220335055406,
0.223240231261,
0.226527468202,
0.230083679814,
0.233418735515,
0.239979084735,
0.243475824036,
0.247530747640,
0.251004119051,
0.254478517503,
0.258578602148,
0.262221320767,
0.266241354418,
0.269933890017,
0.273810459427,
0.277523673700,
0.281294366342,
0.284721282556,
0.288807790220,
0.292314474847,
0.295486288437,
0.299110173950,
0.302727322745,
0.305766816050,
0.309427932102,
0.312898149340,
0.316822041272,
0.320032274455,
0.323141648926,
0.326136601561,
0.329236030411,
0.332669714884,
0.336353704672,
0.339547814551,
0.342955989302,
0.345924034520,
0.348981187444,
0.352070284284,
0.355067552869,
0.358214520509,
0.361512565359,
0.364766394776,
0.368194084572,
0.371358611876,
0.373998888772,
0.376672100296,
0.380090333173,
0.383216793382,
0.386116581234,
0.388837684421,
0.391904686332,
0.395410887146,
0.398824050062,
0.401416738601,
0.403933845759,
0.406717683206,
0.409843497634,
0.412923730694,
0.415820556563,
0.418878422612,
0.421930962584,
0.424851882648,
0.427861801468,
0.430520720405,
0.433086058825,
0.435723318444,
0.438873856784,
0.442180588601,
0.445163318821,
0.447817279612,
0.450613245936,
0.453588956997,
0.456388997462,
0.458856108602,
0.461696588129,
0.464565243879,
0.467659697955,
0.470663528663,
0.473449881724,
0.476404772418,
0.479111425409,
0.481827170039,
0.484467397130,
0.487028171756,
0.490010988678,
0.493140536417,
0.496164378372,
0.498958458727,
0.501735666313,
0.504482347818,
0.506995245159,
0.509675269323,
0.512631291440,
0.515619878277,
0.518495107235,
0.521656480770,
0.524400822142,
0.526914272681,
0.529749347793,
0.532412170951,
0.535215424366,
0.538052665723,
0.541218336188,
0.543949244721,
0.547056526992,
0.549874933871,
0.552752285425,
0.555199091649,
0.558022982056,
0.560951237460,
0.563803717194,
0.566765428689,
0.569905815166,
0.572879844428,
0.575805991493,
0.578689864294,
0.581183365691,
0.583852864733,
0.586757702398,
0.589795480353,
0.593495270784,
0.596541497339,
0.599203220059,
0.601598288969,
0.604593326948,
0.607790204557,
0.610863585899,
0.613887491121,
0.616759118515,
0.619675876714,
0.623067792983,
0.626202212633,
0.629137164198,
0.632197782285,
0.635230888946,
0.638097604767,
0.640989602738,
0.644300878095,
0.647595217967,
0.650927492063,
0.654360722014,
0.657395654923,
0.660480368072,
0.663285544686,
0.666352930427,
0.669962942234,
0.673562700725,
0.676897916448,
0.680198724302,
0.683628511639,
0.686481592548,
0.690076201141,
0.693459318884,
0.696554330176,
0.700602757364,
0.703941286521,
0.707441311485,
0.710667975155,
0.714367086966,
0.718218210713,
0.721335205816,
0.725281775028,
0.728842096826,
0.732280634027,
0.736309877844,
0.739744301119,
0.742575019656,
0.748651364922,
0.752537139717,
0.756277182874,
0.759841996158,
0.763235538576,
0.767167280707,
0.770662404606,
0.779094813755,
0.782014111747,
0.784312040813,
0.787014778881,
0.795132459430,
0.798478574229,
0.802031345219,
0.806168936508,
0.813292590506,
0.817560068272,
0.821468301202,
0.824823000414,
0.832760572558,
0.835997327441,
0.843669583236,
0.847540886827,
0.851443267724,
0.858332890143,
0.864013007029,
0.870865697785,
0.875125226852,
0.882331424613,
0.889993656505,
0.897574522482,
0.902043162921,
0.909680463366,
0.917492489878,
0.924187897020,
0.934688162602,
0.937418157136,
0.951296961733,
0.959063040560,
0.969176066406,
0.984529815263,
0.990019960080,
0.992015968064,
0.994011976048,
0.996007984032,
0.998003992016,
1
