0,
0.001666666667,
0.003333333333,
0.005000000000,
0.006666666667,
0.008333333333,
0.020502955896,
0.040918117991,
0.048701748068,
0.059674494672,
0.064462386833,
0.077853120294,
0.080641194154,
0.091667072627,
0.094576569348,
0.105091136624,
0.107749830443,
0.114468662996,
0.121093340356,
0.127333791093,
0.129767928052,
0.136480269544,
0.143124432669,
0.145197725951,
0.152123270611,
0.154846876916,
0.160661142418,
0.163351461049,
0.169857254256,
0.172861319356,
0.175148414815,
0.181452061765,
0.184914468094,
0.187374215907,
0.193598277073,
0.195855836270,
0.198118764611,
0.203897669775,
0.206498509948,
0.208237842982,
0.214194054314,
0.216918055343,
0.220015129978,
0.222874224534,
0.226452296437,
0.229139209479,
0.232398706638,
0.235728642510,
0.238483161214,
0.241411554677,
0.244973683479,
0.247500254850,
0.250179262235,
0.253166921570,
0.256063156202,
0.258769789026,
0.261920109568,
0.264237707270,
0.267312290744,
0.269622224052,
0.272221657528,
0.274996531463,
0.278015068312,
0.280472666383,
0.282804749107,
0.285118855681,
0.287775691641,
0.290549548650,
0.293005750114,
0.295610824394,
0.297916951045,
0.300181472058,
0.302668818822,
0.305145011834,
0.307307455385,
0.309951970098,
0.312207051267,
0.314623620313,
0.316804823041,
0.319190862206,
0.321537774077,
0.323868435168,
0.325878457376,
0.327988321766,
0.330636459565,
0.333202652962,
0.335155264140,
0.337547519533,
0.339964781006,
0.342399739451,
0.344514788933,
0.346710422313,
0.348896305153,
0.351062216704,
0.353496336988,
0.355500667444,
0.357486159556,
0.359612932748,
0.361757040110,
0.363876590982,
0.365976241562,
0.367844729037,
0.369857857807,
0.372006257702,
0.373930144341,
0.375877127192,
0.377825104350,
0.379852757764,
0.381939029242,
0.383937028119,
0.385899148099,
0.388002269366,
0.389829624822,
0.391577325777,
0.393315246343,
0.395135015711,
0.397097764017,
0.398978160734,
0.400853947002,
0.402857341407,
0.404568028948,
0.406469975018,
0.408368796341,
0.410129142873,
0.411903797352,
0.413734693347,
0.415448284833,
0.417222195214,
0.419128540213,
0.420888880631,
0.422673235653,
0.424505828068,
0.426333921233,
0.428087524428,
0.429783736617,
0.431461619876,
0.433174414223,
0.435027492423,
0.436706975468,
0.438397304957,
0.440158019840,
0.442000690516,
0.443787260353,
0.445460563635,
0.447131099336,
0.448895674940,
0.450599340186,
0.452390458338,
0.454062449987,
0.455731869700,
0.457407230615,
0.459103567873,
0.460830857965,
0.462504562111,
0.464174743846,
0.465847258747,
0.467519379092,
0.469321346860,
0.470995749042,
0.472667951792,
0.474343037147,
0.476022295384,
0.477743350427,
0.479418554405,
0.481091342841,
0.482776968665,
0.484449512302,
0.486148122550,
0.487817590722,
0.489487942556,
0.491166421604,
0.492838491827,
0.494508396201,
0.496178458916,
0.497850847794,
0.499519602588,
0.501190657778,
0.502860869337,
0.504528338094,
0.506198467744,
0.507865287989,
0.509532014236,
0.511199297447,
0.512865964114,
0.514532630781,
0.516199297447,
0.517865964114,
0.519532630781,
0.521199297447,
0.522865964114,
0.524532630781,
0.526199297447,
0.527865964114,
0.529532630781,
0.531199297447,
0.532865964114,
0.534532630781,
0.536199297447,
0.537865964114,
0.539532630781,
0.541199297447,
0.542865964114,
0.544532630781,
0.546199297447,
0.547865964114,
0.549532630781,
0.551199297447,
0.552865964114,
0.554532630781,
0.556199297447,
0.557865964114,
0.559532630781,
0.561199297447,
0.562865964114,
0.564532630781,
0.566199297447,
0.567865964114,
0.569532630781,
0.571199297447,
0.572865964114,
0.574532630781,
0.576199297447,
0.577865964114,
0.579532630781,
0.581199297447,
0.582865964114,
0.584532630781,
0.586199297447,
0.587865964114,
0.589532630781,
0.591199297447,
0.592865964114,
0.594532630781,
0.596199297447,
0.597865964114,
0.599532630781,
0.601199297447,
0.602865964114,
0.604532630781,
0.606199297447,
0.607865964114,
0.609532630781,
0.611199297447,
0.612865964114,
0.614532630781,
0.616199297447,
0.617865964114,
0.619532630781,
0.621199297447,
0.622865964114,
0.624532630781,
0.626199297447,
0.627865964114,
0.629532630781,
0.631199297447,
0.632865964114,
0.634532630781,
0.636199297447,
0.637865964114,
0.639532630781,
0.641199297447,
0.642865964114,
0.644532630781,
0.646199665021,
0.647867075381,
0.649534717365,
0.651204821052,
0.652875329302,
0.654544047014,
0.656223867151,
0.657918034612,
0.659626641227,
0.661347573921,
0.663036436268,
0.664764162799,
0.666449788881,
0.668194514513,
0.669978058450,
0.671695828620,
0.673481858255,
0.675156834043,
0.676870792792,
0.678647210401,
0.680365322895,
0.682055701813,
0.683842000641,
0.685858805217,
0.687937366245,
0.689867746804,
0.691738774932,
0.693795585024,
0.695683835943,
0.697368037480,
0.699070597143,
0.700810683958,
0.702814302891,
0.704589054342,
0.706461726006,
0.708680979312,
0.710683580818,
0.712586154567,
0.714318425537,
0.716324427283,
0.718119075420,
0.720381226112,
0.722470335821,
0.724418609712,
0.726104018210,
0.728185466350,
0.730401881295,
0.732499468378,
0.734351785350,
0.736335878511,
0.738460295190,
0.740593429999,
0.742373131771,
0.744433804791,
0.746774410904,
0.748981976576,
0.751260782824,
0.753598251012,
0.755323336696,
0.757527206698,
0.759545368799,
0.761952395278,
0.763938226325,
0.766394145563,
0.768778506115,
0.770877722574,
0.773151703481,
0.775357851366,
0.777641051014,
0.780061244785,
0.782282688712,
0.784506339181,
0.786859430126,
0.789321085662,
0.791816219176,
0.794366104161,
0.796903080953,
0.799170580682,
0.801513024335,
0.804059163414,
0.806633727117,
0.809097364146,
0.811390862619,
0.814135665630,
0.816845748254,
0.819636278412,
0.822060276888,
0.824637720360,
0.827410107325,
0.830429846018,
0.832988621042,
0.835992931970,
0.838866153453,
0.841272421389,
0.844344632435,
0.846992290508,
0.849897442119,
0.853422131994,
0.856167942502,
0.859146921780,
0.862445946142,
0.865911413671,
0.868798358438,
0.871914724807,
0.874835590991,
0.878539681305,
0.881846386953,
0.884377516367,
0.890316847862,
0.892558778931,
0.894545542720,
0.900855422041,
0.904023140220,
0.907817984499,
0.910709485999,
0.916416915964,
0.920200433839,
0.923084380415,
0.929139654537,
0.932352104000,
0.938263496791,
0.941757980268,
0.947278230353,
0.952760599275,
0.958174754354,
0.963847500467,
0.969086671817,
0.973844943750,
0.977359122541,
0.988333333333,
0.990000000000,
0.991666666667,
0.993333333333,
0.995000000000,
0.996666666667,
0.998333333333,
1
