0,
0.00507614213198,
0.01015228426396,
0.01522842639594,
0.02030477609548,
0.03206085432578,
0.05758330547269,
0.09587175698044,
0.10791071194989,
0.11995323626849,
0.13425666908817,
0.14759373561944,
0.15834688152074,
0.17257568145973,
0.18715378593127,
0.19581830524525,
0.20469137445512,
0.21452722899655,
0.22499685664399,
0.23738690692086,
0.24839709945440,
0.25753320778066,
0.26518481626488,
0.27205971452357,
0.27899605937751,
0.28528596653078,
0.29223928796020,
0.29925997027763,
0.30653723354933,
0.31344436757518,
0.32057876544183,
0.32704424319951,
0.33293677199116,
0.33850565327980,
0.34372969729022,
0.34895653378956,
0.35563425672472,
0.36188332858043,
0.36804077750241,
0.37347597031105,
0.37929283340379,
0.38445715543066,
0.39000142385705,
0.39520191019346,
0.40049716900698,
0.40570270209556,
0.41110508495595,
0.41650142749916,
0.42208262664377,
0.42743992331768,
0.43279967618833,
0.43788122468700,
0.44296648535903,
0.44804896858940,
0.45313194974797,
0.45822735289170,
0.46331101093581,
0.46840400327968,
0.47349102418363,
0.47857978594144,
0.48368685141411,
0.48878291752097,
0.49392301583713,
0.49904493657465,
0.50415285297538,
0.50931059302133,
0.51439139330619,
0.51946897740208,
0.52454604205435,
0.52962296465993,
0.53469975023772,
0.53977638715001,
0.54485286644791,
0.54992918203326,
0.55500533076887,
0.56008147290085,
0.56515761503283,
0.57023375716481,
0.57530989929679,
0.58038604142877,
0.58546218356075,
0.59053832569273,
0.59561446782471,
0.60069060995669,
0.60576675208867,
0.61084289422065,
0.61591903635263,
0.62099517848461,
0.62607132061659,
0.63114746274857,
0.63622360488055,
0.64129974701253,
0.64637588914451,
0.65145203127649,
0.65652817340847,
0.66160431554045,
0.66668045767243,
0.67175659980441,
0.67683274193639,
0.68190888406837,
0.68698502620035,
0.69206116833232,
0.69713731046430,
0.70221345259628,
0.70728959472826,
0.71236573686024,
0.71744187899222,
0.72251802112420,
0.72759416325618,
0.73267030538816,
0.73774644752014,
0.74282258965212,
0.74789873178410,
0.75297487391608,
0.75805101604806,
0.76312715818004,
0.76820330031202,
0.77327944244400,
0.77835594266472,
0.78343276862875,
0.78850943651170,
0.79358594319613,
0.79866228857614,
0.80490186867703,
0.81337492426624,
0.81980499060863,
0.82636846652268,
0.83206176117109,
0.83825628897468,
0.84425779647001,
0.85043418229042,
0.85689713447843,
0.86433143539006,
0.87325085796314,
0.88351239142020,
0.89180131912334,
0.89853100572584,
0.90480169995968,
0.91041686767701,
0.91688182808065,
0.92458443333396,
0.94235981776179,
0.95431158283900,
0.95938892084760,
0.96446629398204,
0.96954314720812,
0.97461928934010,
0.97969543147208,
0.98477157360406,
0.98984771573604,
0.99492385786802,
1
