0,
0.07548353107991,
0.13199991435823,
0.16956742773598,
0.18525652935745,
0.21163535062036,
0.23661038253327,
0.24992477845660,
0.27676187419860,
0.28897405002452,
0.30305522416980,
0.31623876213726,
0.33084503427685,
0.34276541838371,
0.35602726249242,
0.36779357520349,
0.37985993292249,
0.39224359349768,
0.40275899948495,
0.41328459964816,
0.42473172068782,
0.43443561087894,
0.44402846123771,
0.45522098651092,
0.46534529633382,
0.47496485331930,
0.48404802917336,
0.49251827390522,
0.50096880225302,
0.50976248031700,
0.51869019170570,
0.52809106766121,
0.53675383567071,
0.54552329471355,
0.55451064309285,
0.56235790907400,
0.57147310476298,
0.58062635958535,
0.58920546112295,
0.59799316995265,
0.60604302774127,
0.61411965490298,
0.62183969871853,
0.63014272090456,
0.63863629800653,
0.64772342569416,
0.65765240062748,
0.66783769907976,
0.67704968519532,
0.68527721677292,
0.69408066693270,
0.70420953581863,
0.71255874379377,
0.72123595646026,
0.73089470193938,
0.74028803360251,
0.74972384405441,
0.75758626461121,
0.76760523882660,
0.77934066275629,
0.79125990877333,
0.80268110598430,
0.81324426207989,
0.82369652069967,
0.83690281355003,
0.84826395519646,
0.86097184288226,
0.87307605830374,
0.88564151999542,
0.89855623858795,
0.91047925315601,
0.93622525393300,
0.94881654835743,
0.96093936334171,
0.97132146520722,
0.98192328557788,
0.99138107462190,
1
