2.222222222222222329e-04,
4.444444444444444657e-04,
6.666666666666667528e-04,
8.888888888888889315e-04,
1.111111111111111110e-03,
1.333333333333333289e-03,
1.555555555555555467e-03,
1.777777777777777646e-03,
2.000000000000000042e-03,
2.222222222222222220e-03,
2.444444444444444399e-03,
2.666666666666666578e-03,
2.888888888888888756e-03,
3.111111111111110935e-03,
3.333333333333333114e-03,
3.555555555555555292e-03,
3.777777777777777471e-03,
4.000000000000000083e-03,
4.222222222222222696e-03,
4.444444444444445308e-03,
4.666666666666667920e-03,
4.888888888888890533e-03,
5.111111111111113145e-03,
5.333333333333335757e-03,
5.555555555555558370e-03,
5.777777777777780982e-03,
6.000000000000003594e-03,
6.222222222222226207e-03,
6.444444444444448819e-03,
6.666666666666671431e-03,
6.888888888888894044e-03,
7.111111111111116656e-03,
7.333333333333339268e-03,
7.555555555555561881e-03,
7.777777777777784493e-03,
8.000000000000007105e-03,
8.222222222222229718e-03,
8.444444444444452330e-03,
8.666666666666674942e-03,
8.888888888888897555e-03,
9.111111111111120167e-03,
9.333333333333342779e-03,
9.555555555555565392e-03,
9.777777777777788004e-03,
1.000000000000001062e-02,
1.022222222222223323e-02,
1.044444444444445584e-02,
1.066666666666667845e-02,
1.935144661478842287e-02,
2.439511793367086373e-02,
3.326843066092429607e-02,
3.545515618118828816e-02,
3.656612058150306155e-02,
3.902906505407761906e-02,
4.006335161975013021e-02,
4.051770844284406647e-02,
4.080506978452822647e-02,
4.106801419501747430e-02,
4.502842530720679859e-02,
4.567544323917534232e-02,
4.613769433477508258e-02,
4.683766931757479823e-02,
4.720497214634673810e-02,
4.762439131133824194e-02,
4.933273733649912174e-02,
5.023696647341517607e-02,
5.111540352623945849e-02,
5.232011375345560489e-02,
5.525586843738247017e-02,
5.702273332871633099e-02,
5.898638313407069539e-02,
5.990836254611622141e-02,
6.157081074266115839e-02,
6.265543722297430007e-02,
6.335749361910035515e-02,
6.489943605151324291e-02,
6.582852196954848412e-02,
6.718374332252484427e-02,
6.823951549555175300e-02,
6.896967387992967990e-02,
6.958150744657166931e-02,
7.020323207947004596e-02,
7.087523286560419578e-02,
7.157955044868161143e-02,
7.248233657573877053e-02,
7.329772745016635560e-02,
7.428635135774140641e-02,
7.508917345032982416e-02,
7.601932718779526310e-02,
7.718374732646247904e-02,
7.844890574536729499e-02,
7.995313063639225559e-02,
8.114394903816606053e-02,
8.236481052180703866e-02,
8.347713757275636304e-02,
8.452362719016409676e-02,
8.574811265783455205e-02,
8.679413098018125272e-02,
8.775179952585585030e-02,
8.867475171702360326e-02,
8.965182173092127449e-02,
9.046708272346028201e-02,
9.113947847427063265e-02,
9.193474115898235544e-02,
9.239972755180068942e-02,
9.279246458345218052e-02,
9.371440484289594863e-02,
9.452001315130195702e-02,
9.543508380544002412e-02,
9.619476912656821366e-02,
9.697614361187141541e-02,
9.772919734564036731e-02,
9.845381945619093023e-02,
9.922941134559995491e-02,
1.005556849171625466e-01,
1.014790600265711440e-01,
1.023761447529872026e-01,
1.032006139357197483e-01,
1.041214718161216218e-01,
1.049585273445002576e-01,
1.056330952926709532e-01,
1.064720332485584314e-01,
1.071886484398162503e-01,
1.080330207095279021e-01,
1.088468136679156539e-01,
1.095979163509658988e-01,
1.105023570316752829e-01,
1.115015560405428763e-01,
1.122233424724626422e-01,
1.129782999329623366e-01,
1.136512491127114888e-01,
1.142826035360545028e-01,
1.149346258798322890e-01,
1.155861655043331354e-01,
1.162805754891046012e-01,
1.170570960867561849e-01,
1.177797780632955649e-01,
1.186203522506718844e-01,
1.194771418980303118e-01,
1.202788167227216987e-01,
1.210133107071200004e-01,
1.217677655366937173e-01,
1.225025764526731786e-01,
1.231778965814505078e-01,
1.238118688348954499e-01,
1.244376030369456348e-01,
1.251906639147905842e-01,
1.255500231952308143e-01,
1.260625338504730297e-01,
1.264781120224682809e-01,
1.270550066784479903e-01,
1.280210875784709712e-01,
1.286210058383084331e-01,
1.289523207761807955e-01,
1.298546486798539956e-01,
1.306534865483331698e-01,
1.314877143802007098e-01,
1.322901724719678374e-01,
1.330059174650444487e-01,
1.337207978908864225e-01,
1.343821283962750579e-01,
1.351615223400012278e-01,
1.358977028505212459e-01,
1.366765568853046120e-01,
1.373741677079928780e-01,
1.380562429899479249e-01,
1.387200079662919694e-01,
1.393873728025581404e-01,
1.399447255012394031e-01,
1.404161559232610657e-01,
1.409661461558805451e-01,
1.416044591655747364e-01,
1.421622017015779782e-01,
1.427887463920257671e-01,
1.433248515056363415e-01,
1.438816348376431575e-01,
1.444808773146576131e-01,
1.450663425489076008e-01,
1.455968424335807587e-01,
1.461279077435485296e-01,
1.467271195842304310e-01,
1.474330482803720699e-01,
1.477301771993511925e-01,
1.484138702065623538e-01,
1.491582470805657978e-01,
1.497489536385992748e-01,
1.500877731317066255e-01,
1.505698607735699024e-01,
1.513858636522033563e-01,
1.519284003124605209e-01,
1.526119789955052986e-01,
1.533286347193265897e-01,
1.538518105976354189e-01,
1.542817860447385503e-01,
1.550068737317829015e-01,
1.557567119407596012e-01,
1.562098670434213243e-01,
1.568191201040999572e-01,
1.574379319275775457e-01,
1.580779279296274098e-01,
1.584792011340139806e-01,
1.590889549263393987e-01,
1.596908332701485744e-01,
1.603100647850862759e-01,
1.608412904641320917e-01,
1.612795500656962755e-01,
1.619326718985804880e-01,
1.625609412939805209e-01,
1.631838409821767533e-01,
1.638053720387919188e-01,
1.642766216238492061e-01,
1.649155241261974214e-01,
1.654106857522739948e-01,
1.659422218605775823e-01,
1.664238302946138559e-01,
1.669385864399553221e-01,
1.673736827110898218e-01,
1.677066403215382584e-01,
1.683495839598109500e-01,
1.692049977172379593e-01,
1.695784312768554569e-01,
1.698889297623056571e-01,
1.703904565341058663e-01,
1.708290402058706969e-01,
1.712341707198523633e-01,
1.717302807904984852e-01,
1.722354406362447132e-01,
1.727272704223345445e-01,
1.732484740767300802e-01,
1.737945446709835418e-01,
1.743245333234771377e-01,
1.748259199952767184e-01,
1.753421884959816546e-01,
1.759768609264329986e-01,
1.764048457678649984e-01,
1.769807293358872102e-01,
1.777099432179865268e-01,
1.783218546664986359e-01,
1.789261439447079882e-01,
1.794670392524040092e-01,
1.799772758580348575e-01,
1.805210161071583164e-01,
1.810676907609086450e-01,
1.815533291229242119e-01,
1.819916346310747057e-01,
1.825483026484568116e-01,
1.831550490235225315e-01,
1.836980958164815547e-01,
1.841940184926255109e-01,
1.846299685015491687e-01,
1.850102083381663098e-01,
1.854252092814330788e-01,
1.859148306272100093e-01,
1.863195830638456063e-01,
1.868727500912811812e-01,
1.872661369290619104e-01,
1.877837580521533878e-01,
1.883122745557746502e-01,
1.888075264534867792e-01,
1.892520301301063579e-01,
1.896555553087280188e-01,
1.901640880370112641e-01,
1.905667036010600390e-01,
1.911094821907939889e-01,
1.914821717702000214e-01,
1.919829944210602879e-01,
1.923919346199146618e-01,
1.929438250266134192e-01,
1.933399510803049115e-01,
1.938128731451974895e-01,
1.942432800118402136e-01,
1.946197325910879738e-01,
1.950386357124937464e-01,
1.957579955427913299e-01,
1.962890919096792475e-01,
1.967587841664416304e-01,
1.971170922063697206e-01,
1.975191447301925807e-01,
1.981056832260528755e-01,
1.985456369252584230e-01,
1.992461844135823557e-01,
1.996964727974668286e-01,
2.000754699286563520e-01,
2.004696207419283949e-01,
2.009673070916278004e-01,
2.015426715583260586e-01,
2.020851179427787248e-01,
2.025228305955958652e-01,
2.029095334525650995e-01,
2.033931113813274016e-01,
2.038557561763000292e-01,
2.042184504636220810e-01,
2.046730750962673095e-01,
2.051417303467904796e-01,
2.055412481931043478e-01,
2.059644640988739783e-01,
2.063567139305113318e-01,
2.067277204394536161e-01,
2.071609155099640165e-01,
2.075137338093460126e-01,
2.079167165678235951e-01,
2.083823386342361916e-01,
2.088139604604163924e-01,
2.092106186475112539e-01,
2.096341076800115610e-01,
2.100739811069499696e-01,
2.105167256134632403e-01,
2.109553533269183379e-01,
2.113752911368483867e-01,
2.117922242982408776e-01,
2.122474694740874301e-01,
2.128477260120224812e-01,
2.135375064360438557e-01,
2.140886164852019158e-01,
2.145523092155592060e-01,
2.149301677752352147e-01,
2.153398954085818662e-01,
2.157195627002753135e-01,
2.161176652698333922e-01,
2.165722370479690462e-01,
2.169462789374908829e-01,
2.172972972107234391e-01,
2.177429623943068215e-01,
2.181540437492997531e-01,
2.185430292633092075e-01,
2.189502483516596876e-01,
2.193238357373300529e-01,
2.197474188702426834e-01,
2.201500612832577863e-01,
2.205230900458112486e-01,
2.209384677606120451e-01,
2.213059505275987437e-01,
2.217069007766766520e-01,
2.220964910092040057e-01,
2.224588825801502301e-01,
2.228384964363247511e-01,
2.231895055102267322e-01,
2.236208986469798432e-01,
2.240400323880596400e-01,
2.244148425010719372e-01,
2.248298408315348718e-01,
2.252750432765822097e-01,
2.257377280948313358e-01,
2.261504040366865698e-01,
2.265642052349729207e-01,
2.270399775119634755e-01,
2.275017893588618945e-01,
2.279237910828448288e-01,
2.283524538446933816e-01,
2.287836271624666407e-01,
2.292217036934161567e-01,
2.296509502591469742e-01,
2.300676691340452773e-01,
2.305102911815394839e-01,
2.309427861933809334e-01,
2.313264280944111184e-01,
2.317408603627669206e-01,
2.321645416085017233e-01,
2.325651352857089904e-01,
2.329748305023795207e-01,
2.333707296567596734e-01,
2.337616797932949575e-01,
2.341655048596734678e-01,
2.345257513530228655e-01,
2.349120536865770270e-01,
2.353287602748303509e-01,
2.356904139639256768e-01,
2.360547871620636007e-01,
2.364559558238408798e-01,
2.368258384401915884e-01,
2.371832484319957857e-01,
2.375587680677613556e-01,
2.379259786359971818e-01,
2.382977281018359705e-01,
2.386683146790286036e-01,
2.390370139101083979e-01,
2.393991096215451475e-01,
2.397800006224814207e-01,
2.401694639165783962e-01,
2.405115576330849603e-01,
2.408894190618119102e-01,
2.412922891469364839e-01,
2.416621612925753115e-01,
2.420230026500201359e-01,
2.423977434416016707e-01,
2.427818013123215213e-01,
2.431714543884431756e-01,
2.435413870660800839e-01,
2.439251474689281551e-01,
2.443337242745169113e-01,
2.447085443595675147e-01,
2.450928436364963048e-01,
2.455002633563503900e-01,
2.458709574849982926e-01,
2.462706187827597704e-01,
2.466754316575348049e-01,
2.470544550027087283e-01,
2.474481488083653535e-01,
2.478317999042502218e-01,
2.482423886156221171e-01,
2.486129975878732523e-01,
2.489900619640978696e-01,
2.494108540272747532e-01,
2.497511496018219312e-01,
2.501430372337263286e-01,
2.505215053870358810e-01,
2.509029576062407618e-01,
2.512811329889414469e-01,
2.515929524838777520e-01,
2.520119841329059862e-01,
2.523732918135305203e-01,
2.527350815455844946e-01,
2.531057717631470805e-01,
2.534598965687760441e-01,
2.538557865473248798e-01,
2.542039552652196055e-01,
2.545826318054426607e-01,
2.549336165722834724e-01,
2.552921165553168614e-01,
2.556816628277074344e-01,
2.560179255963032086e-01,
2.563908690002981161e-01,
2.567488541563914262e-01,
2.570966645389211047e-01,
2.574534151419827221e-01,
2.578276170393082323e-01,
2.581706828512286833e-01,
2.584789210282967820e-01,
2.588845764545111838e-01,
2.592217977703101806e-01,
2.595516545013104026e-01,
2.599231318162228965e-01,
2.602453876189292359e-01,
2.606114848452691368e-01,
2.609583154880076306e-01,
2.613195096830656095e-01,
2.616253393052950793e-01,
2.619923921491035257e-01,
2.623781566088240758e-01,
2.626838283765597915e-01,
2.630581815432372350e-01,
2.634105110530703397e-01,
2.637371289010901898e-01,
2.641332154225477513e-01,
2.645004033685064981e-01,
2.648395482906493736e-01,
2.652250944978010172e-01,
2.655820552110268462e-01,
2.659792130886206585e-01,
2.663395015568381097e-01,
2.667317336087859370e-01,
2.671187424360879081e-01,
2.674464241919341512e-01,
2.678763051112242333e-01,
2.681957215598018696e-01,
2.685804734233077085e-01,
2.689256424554546387e-01,
2.693093168547497362e-01,
2.696320902678436271e-01,
2.699941191848755917e-01,
2.703426064847684884e-01,
2.706678957242180106e-01,
2.710500733626862724e-01,
2.713728610736474978e-01,
2.717197042060177092e-01,
2.720299366342154301e-01,
2.724081533152075130e-01,
2.727138723913179463e-01,
2.730583957079761315e-01,
2.733779997701570319e-01,
2.737111064432263263e-01,
2.740525589969589615e-01,
2.743690017846489582e-01,
2.746950361783078165e-01,
2.750443712474426317e-01,
2.753444838851871745e-01,
2.756876452667535449e-01,
2.760281820637316419e-01,
2.763283165929013574e-01,
2.766696301344899189e-01,
2.769910132310912654e-01,
2.773240383134936149e-01,
2.776623962757341912e-01,
2.779547831790357693e-01,
2.783084622286364218e-01,
2.786366630594912519e-01,
2.789632347892243569e-01,
2.792823269953732535e-01,
2.796272971127500284e-01,
2.799645277173872238e-01,
2.803102353576555350e-01,
2.806115917397192794e-01,
2.809637054514029786e-01,
2.813310477309773905e-01,
2.816347743241753299e-01,
2.819877668583485320e-01,
2.823170818800103676e-01,
2.826824075864968200e-01,
2.830182071200964544e-01,
2.833538906739375141e-01,
2.837133167012196866e-01,
2.840373611154199396e-01,
2.844037170999635378e-01,
2.847456046709828659e-01,
2.850837622986912012e-01,
2.854346974476181242e-01,
2.857881433227157930e-01,
2.861240737313264781e-01,
2.864673565834185975e-01,
2.868104476777939005e-01,
2.871697612137747435e-01,
2.874859036112137889e-01,
2.878430256343054161e-01,
2.881798108788204971e-01,
2.885083262713779018e-01,
2.888487807162691823e-01,
2.891749827078375912e-01,
2.895103782436113105e-01,
2.898153672617661547e-01,
2.901564944051428507e-01,
2.904472751359805094e-01,
2.907846301864101535e-01,
2.910714897088509390e-01,
2.913927719091327084e-01,
2.916942686795597206e-01,
2.919814197187584059e-01,
2.923008336413518427e-01,
2.925664825361722898e-01,
2.928770181285910157e-01,
2.931420410723383219e-01,
2.934442084641226689e-01,
2.937083018286515412e-01,
2.940294169149443304e-01,
2.942855733241101501e-01,
2.946216664157796927e-01,
2.948948544264142768e-01,
2.952283494387695773e-01,
2.955348702793925697e-01,
2.958643170893537344e-01,
2.962526895195440879e-01,
2.966090085283104028e-01,
2.969754881444356953e-01,
2.973677962003307140e-01,
2.977447103060773537e-01,
2.980500369759319645e-01,
2.984108587628261366e-01,
2.987800907815654772e-01,
2.991089895728329950e-01,
2.994568870610510580e-01,
2.997462262369560704e-01,
3.001120009222404406e-01,
3.004187392276669311e-01,
3.007504250952253710e-01,
3.010393700027631514e-01,
3.013800769868269502e-01,
3.016785231288104385e-01,
3.019816491411643211e-01,
3.023004157917042467e-01,
3.025979768593209940e-01,
3.028942274652667299e-01,
3.032105708230392604e-01,
3.034979373104433331e-01,
3.038069680405551809e-01,
3.040935660514247352e-01,
3.044061353218510679e-01,
3.047069316747091916e-01,
3.049929465895328540e-01,
3.052895243417482196e-01,
3.056022824335304922e-01,
3.058767047485474455e-01,
3.061914299951224994e-01,
3.064860868477574662e-01,
3.067835233942042827e-01,
3.070785403922619006e-01,
3.073818086270897476e-01,
3.076826738283259810e-01,
3.079787135165272804e-01,
3.082791835927372048e-01,
3.085824678350542194e-01,
3.088857192217457914e-01,
3.091710414525450368e-01,
3.095009742429135624e-01,
3.097813026669604120e-01,
3.100849468591095892e-01,
3.104169940118714499e-01,
3.106873492820360627e-01,
3.110012598549014018e-01,
3.113395095869705420e-01,
3.115834904758680857e-01,
3.119483941541399963e-01,
3.122116977274440597e-01,
3.125464169496612876e-01,
3.128381560470646083e-01,
3.131588409580396415e-01,
3.134629581942034449e-01,
3.137627540905250645e-01,
3.140890566362588010e-01,
3.143866976998566098e-01,
3.146880780718087078e-01,
3.150106836032551816e-01,
3.153103809044288663e-01,
3.156055971969139451e-01,
3.159368761383070101e-01,
3.162254841214650614e-01,
3.165309388716139316e-01,
3.168617354595845703e-01,
3.171341411674651334e-01,
3.174638635746434567e-01,
3.177545624215354914e-01,
3.180651626259626275e-01,
3.183617177395214326e-01,
3.186798161370993920e-01,
3.189627648763738721e-01,
3.192877999384025611e-01,
3.195671799460714224e-01,
3.198866369364338769e-01,
3.201740920530091739e-01,
3.204792194607250511e-01,
3.207845663718827400e-01,
3.210691984291780821e-01,
3.213864577205031714e-01,
3.216652604513202118e-01,
3.219792483252525983e-01,
3.222606067493700710e-01,
3.225717504978944383e-01,
3.228501298191260305e-01,
3.231640366814320098e-01,
3.234454639265154086e-01,
3.237441829349541611e-01,
3.240446760616493282e-01,
3.243226182255229406e-01,
3.246278021992616281e-01,
3.249174409174910849e-01,
3.252043444020132346e-01,
3.255008584984740438e-01,
3.257903118570022460e-01,
3.260820258598342014e-01,
3.263676222700362950e-01,
3.266731562370545627e-01,
3.269451252262484120e-01,
3.272467731438870597e-01,
3.275359156301368424e-01,
3.278144097803527557e-01,
3.281177029550487734e-01,
3.283921760455537076e-01,
3.286908343236206176e-01,
3.289777437311430242e-01,
3.292581665369097021e-01,
3.295671982776101072e-01,
3.298275506458303585e-01,
3.301391131940996093e-01,
3.304092890985609876e-01,
3.307023618399494436e-01,
3.309964251193960316e-01,
3.312647175169772251e-01,
3.315780349454684472e-01,
3.318433201904303353e-01,
3.321354936841423577e-01,
3.324374609139028602e-01,
3.327007412656581287e-01,
3.330082088332135259e-01,
3.332911460833214989e-01,
3.335770203523863442e-01,
3.338617416168150887e-01,
3.341632020665999958e-01,
3.344303785779709770e-01,
3.347403870410524118e-01,
3.350078864760581698e-01,
3.353155131336016948e-01,
3.355912886559425656e-01,
3.358785708115473168e-01,
3.361850088886156884e-01,
3.364382253960431224e-01,
3.367689231835740982e-01,
3.370175660789302974e-01,
3.373414774738797695e-01,
3.375993100168711569e-01,
3.379259865402494678e-01,
3.381832397331527296e-01,
3.384988235397189404e-01,
3.387772603515305514e-01,
3.390721396669428844e-01,
3.393592827020883163e-01,
3.396599979549480008e-01,
3.399391871926351616e-01,
3.402315583555345357e-01,
3.405375900722438232e-01,
3.408001741432264975e-01,
3.411165050077749061e-01,
3.413973638924121534e-01,
3.416854039597234105e-01,
3.419882438173875716e-01,
3.422797066018995471e-01,
3.425533539071951572e-01,
3.428759997581501406e-01,
3.431318616478732930e-01,
3.434446206290169834e-01,
3.437311321521850926e-01,
3.440130826719002277e-01,
3.443140044702694968e-01,
3.446033468770316466e-01,
3.448851080274178971e-01,
3.451905321268957660e-01,
3.454670210868547309e-01,
3.457603263384921299e-01,
3.460575638158567280e-01,
3.463300765742531317e-01,
3.466404167959905580e-01,
3.469105231546893431e-01,
3.472195687918885887e-01,
3.474928961955937590e-01,
3.478022996615389162e-01,
3.480670973521825529e-01,
3.483821409012773929e-01,
3.486438043772083217e-01,
3.489534118284824959e-01,
3.492317071705527964e-01,
3.495189683842424011e-01,
3.498165885372416795e-01,
3.500899313120899858e-01,
3.503905032735323277e-01,
3.506698312407210971e-01,
3.509621143460386339e-01,
3.512447144288929346e-01,
3.515349720581973925e-01,
3.518130098444834375e-01,
3.521098673602131024e-01,
3.523850307639814217e-01,
3.526853043525155496e-01,
3.529581635620177571e-01,
3.532637177125010353e-01,
3.535244409879763627e-01,
3.538438207873365049e-01,
3.540926236479695066e-01,
3.544153231412142113e-01,
3.546737914574875639e-01,
3.549774953587928605e-01,
3.552626579283028052e-01,
3.555395504331038681e-01,
3.558453278919753715e-01,
3.561118779757134201e-01,
3.564173873985070906e-01,
3.566946020931619499e-01,
3.569832285859756427e-01,
3.572770679025522589e-01,
3.575533984680760446e-01,
3.578500092467188365e-01,
3.581329949496204756e-01,
3.584198717696905345e-01,
3.587098969703192974e-01,
3.589970741849538571e-01,
3.592788366404243150e-01,
3.595761258328276089e-01,
3.598562403687895483e-01,
3.601459995322173202e-01,
3.604407135380183758e-01,
3.607139626267127919e-01,
3.610124994874727156e-01,
3.612925852876778254e-01,
3.615769569373513126e-01,
3.618680727091212468e-01,
3.621437605929256343e-01,
3.624331569733084679e-01,
3.627122450944998966e-01,
3.629981249948495692e-01,
3.632787041766855074e-01,
3.635583591859014030e-01,
3.638475360574908168e-01,
3.641112792992340363e-01,
3.644074355648545538e-01,
3.646729055246378248e-01,
3.649507821664504936e-01,
3.652463358314972930e-01,
3.655005438510507965e-01,
3.657948737387604066e-01,
3.660574423922109411e-01,
3.663246566531725978e-01,
3.666103690344461596e-01,
3.668609121027736064e-01,
3.671479268981100441e-01,
3.674099893304316744e-01,
3.676746224790098383e-01,
3.679452277003585348e-01,
3.682129041757224996e-01,
3.684663927846281162e-01,
3.687451710937115212e-01,
3.689979115756268913e-01,
3.692626711078355606e-01,
3.695345772578013110e-01,
3.697793851656809849e-01,
3.700609501611277219e-01,
3.703004710736300109e-01,
3.705804392285586557e-01,
3.708236817911870764e-01,
3.710946602988042797e-01,
3.713509330478497739e-01,
3.716026492673566439e-01,
3.718727124401444706e-01,
3.721181174215934528e-01,
3.723803324423743955e-01,
3.726465111477351710e-01,
3.728893058902929547e-01,
3.731672289100968487e-01,
3.734124734701044224e-01,
3.736772950149240269e-01,
3.739392320081001975e-01,
3.741916786832234498e-01,
3.744611789548918379e-01,
3.747120298610561728e-01,
3.749867695533314893e-01,
3.752333799779765666e-01,
3.755170044686901298e-01,
3.757600117526179728e-01,
3.760421974038946624e-01,
3.762974887549774827e-01,
3.765647213829670381e-01,
3.768402521797103999e-01,
3.770914993725979492e-01,
3.773778832511209269e-01,
3.776262792469431973e-01,
3.779129065425207989e-01,
3.781697991404077697e-01,
3.784470414047400588e-01,
3.787186969181801643e-01,
3.789798892885565262e-01,
3.792698960213251036e-01,
3.795154067885316285e-01,
3.798201958821269542e-01,
3.800544407329259355e-01,
3.803641145751707753e-01,
3.805952082631921529e-01,
3.809029537973227519e-01,
3.811453291164252355e-01,
3.814392690593351176e-01,
3.816847550207624340e-01,
3.819715170815324856e-01,
3.822220150149875373e-01,
3.824977072027551106e-01,
3.827596538882296340e-01,
3.830233320123151985e-01,
3.832873907361738497e-01,
3.835333878350250525e-01,
3.838113080532027932e-01,
3.840513688598894970e-01,
3.843343767921088006e-01,
3.845804217760940280e-01,
3.848434531453826524e-01,
3.850915999052707539e-01,
3.853200727327937281e-01,
3.855824251641183364e-01,
3.858123617818670636e-01,
3.860674786047771367e-01,
3.863144790341592194e-01,
3.865473864915344726e-01,
3.868074132973066126e-01,
3.870353674844189129e-01,
3.872882674502592937e-01,
3.875153465016832888e-01,
3.877610468237528418e-01,
3.879893274550013094e-01,
3.882419054480650278e-01,
3.884727901705031239e-01,
3.887103807387195520e-01,
3.889404295122718680e-01,
3.891689427353973718e-01,
3.893944647520045099e-01,
3.896250531784105631e-01,
3.898510593307758509e-01,
3.900810742499882799e-01,
3.903128401155037674e-01,
3.905398492671790511e-01,
3.909809450829345168e-01,
3.912264568327430969e-01,
3.915017189999270286e-01,
3.917588631258558940e-01,
3.920731367170783854e-01,
3.923908908001605966e-01,
3.926915048605695846e-01,
3.930034142859066271e-01,
3.932448264260485771e-01,
3.934835150103986878e-01,
3.937422847850863827e-01,
3.940335164729361073e-01,
3.942957320839248769e-01,
3.945272347273552360e-01,
3.947706293107006714e-01,
3.950052804449603605e-01,
3.952296280153824171e-01,
3.954596405431507478e-01,
3.956876914418916424e-01,
3.959772767223877499e-01,
3.962539671976708089e-01,
3.964789946995467274e-01,
3.967187419662000503e-01,
3.969450906739453444e-01,
3.971963945752348679e-01,
3.974526265828455807e-01,
3.976892620383620236e-01,
3.979121362065941581e-01,
3.981445142685900440e-01,
3.983692933525720958e-01,
3.985975729671936696e-01,
3.988223024247810611e-01,
3.990506925813088746e-01,
3.992738688187478791e-01,
3.995018966599451216e-01,
3.997740959478502942e-01,
4.000105083386447657e-01,
4.002480064307941121e-01,
4.004818322450828805e-01,
4.007086259202465306e-01,
4.009410869058340765e-01,
4.011723725636306415e-01,
4.014081059821608122e-01,
4.016354533912829816e-01,
4.018705413811386462e-01,
4.021259830369060539e-01,
4.023568150213634453e-01,
4.025935094036495743e-01,
4.028340549762199907e-01,
4.030744713293701875e-01,
4.033085219447257175e-01,
4.035479345013024410e-01,
4.038008559676424802e-01,
4.040401886968182366e-01,
4.042936763459598071e-01,
4.045314146802072020e-01,
4.047815106516305383e-01,
4.050552811639271944e-01,
4.053194945211159861e-01,
4.055596834075063106e-01,
4.058230592648038315e-01,
4.060565222859806034e-01,
4.063126502660080464e-01,
4.065365442273649599e-01,
4.067771486270757020e-01,
4.070052173177056698e-01,
4.072524254581876835e-01,
4.075098256382320150e-01,
4.078173255130624342e-01,
4.080929391000336914e-01,
4.083351671995106291e-01,
4.086016401026409395e-01,
4.088619292039155084e-01,
4.091451292383846416e-01,
4.093689946094223320e-01,
4.096249881519790081e-01,
4.098495549211363942e-01,
4.100940323608281979e-01,
4.103178263072728149e-01,
4.105721096332254350e-01,
4.108007666806657299e-01,
4.110554762287974562e-01,
4.113196161634505299e-01,
4.115623660947358986e-01,
4.117863984155717971e-01,
4.120217790101444733e-01,
4.122524607253120754e-01,
4.125450930255744053e-01,
4.127771091477900889e-01,
4.130163972726605404e-01,
4.132434236199249988e-01,
4.135055085885785964e-01,
4.137314484111741519e-01,
4.139723351671557583e-01,
4.141985810664387535e-01,
4.144248380004543209e-01,
4.146523862830959750e-01,
4.149230959937413865e-01,
4.151567585022157836e-01,
4.153828921988845790e-01,
4.156137620682848199e-01,
4.158479144819164364e-01,
4.160756456683173399e-01,
4.163035120212653650e-01,
4.165307105289047240e-01,
4.167551481885158338e-01,
4.169795725365862959e-01,
4.172039804135648233e-01,
4.174283686728306741e-01,
4.176918445819340908e-01,
4.179476064415845182e-01,
4.181732851111077398e-01,
4.184011269820719914e-01,
4.186266548549662514e-01,
4.188537282399846240e-01,
4.190926068958412687e-01,
4.193233010570507346e-01,
4.195578374725827953e-01,
4.197921519665281931e-01,
4.200160965673587765e-01,
4.202417502497547974e-01,
4.204726764309195119e-01,
4.206984746005689724e-01,
4.209284909967251909e-01,
4.211603762469526280e-01,
4.213876307974938618e-01,
4.216385628677127295e-01,
4.218761582918297837e-01,
4.221142780404888994e-01,
4.223376594750333779e-01,
4.225666923800470154e-01,
4.227947281434819016e-01,
4.230348587264401439e-01,
4.232804246833013484e-01,
4.235392505376288641e-01,
4.237622060019530235e-01,
4.240163504619368084e-01,
4.242392075310988941e-01,
4.244838345345775532e-01,
4.247143571977341492e-01,
4.249523556266834867e-01,
4.251846508337576158e-01,
4.254190580574891412e-01,
4.256555053797220767e-01,
4.258941481166866883e-01,
4.261170014167704467e-01,
4.263598565929407336e-01,
4.265827032943947383e-01,
4.268430992287068904e-01,
4.270659367310614130e-01,
4.273019869348767541e-01,
4.275296201503852589e-01,
4.277693738918479371e-01,
4.280582711856924516e-01,
4.282975602462695819e-01,
4.285256685052913905e-01,
4.287767966831828037e-01,
4.290007334959987095e-01,
4.292659259882221079e-01,
4.294927350106017561e-01,
4.297276318383774774e-01,
4.299527484005088440e-01,
4.301929657220436853e-01,
4.304394180203692799e-01,
4.306654907967140677e-01,
4.309103771855347653e-01,
4.311371322503153580e-01,
4.313669622370354673e-01,
4.315962761575295459e-01,
4.318290011280925267e-01,
4.320621133260487134e-01,
4.323103404724924492e-01,
4.325376698264818964e-01,
4.327668959293354822e-01,
4.329909832127949998e-01,
4.332257177548555771e-01,
4.334523502473182077e-01,
4.336797337068202807e-01,
4.339039075973776249e-01,
4.341295098209375647e-01,
4.343522834637461583e-01,
4.345769710449779999e-01,
4.347994375286043378e-01,
4.350252827752574269e-01,
4.352479210249114994e-01,
4.355228081834138232e-01,
4.357616251623108172e-01,
4.359882176108529905e-01,
4.362130466135873408e-01,
4.364386858976141426e-01,
4.366610645170592164e-01,
4.368854047520852046e-01,
4.371133360175560867e-01,
4.373455643045539576e-01,
4.375680199008480376e-01,
4.377971598169501100e-01,
4.380206927133382111e-01,
4.382440070238472485e-01,
4.384718625550936277e-01,
4.386945203280447902e-01,
4.389189021761958354e-01,
4.391419247395769165e-01,
4.393673957061068336e-01,
4.395901912735711292e-01,
4.398155052866785653e-01,
4.400383611192602018e-01,
4.402703342878636072e-01,
4.404932449203857736e-01,
4.407196406284239476e-01,
4.409425988120401763e-01,
4.411782517531017134e-01,
4.414085891408566775e-01,
4.416384021799905080e-01,
4.418615424131163705e-01,
4.420933086800080680e-01,
4.423166114326495535e-01,
4.425497284980247636e-01,
4.427731906650707039e-01,
4.430029450419362136e-01,
4.432265606573710937e-01,
4.434605464711437461e-01,
4.436853401650134865e-01,
4.439198091195381557e-01,
4.441437154962693534e-01,
4.443774058443126229e-01,
4.446014451319963978e-01,
4.448362168861677013e-01,
4.450603797804131845e-01,
4.453051775658301570e-01,
4.455294557156760926e-01,
4.457849309337575394e-01,
4.460101299368243177e-01,
4.462416503620637021e-01,
4.464661210757837062e-01,
4.467025961534119016e-01,
4.469271414786510910e-01,
4.471593094827009951e-01,
4.473839146159401814e-01,
4.476098427550229131e-01,
4.478344930642736976e-01,
4.480651135336643498e-01,
4.482926155572903304e-01,
4.485222570328618041e-01,
4.487470092748576111e-01,
4.489733437225010282e-01,
4.491981278994582882e-01,
4.494231208182420945e-01,
4.496479450388233268e-01,
4.498773567168283249e-01,
4.501122071571707073e-01,
4.503395542581572486e-01,
4.505701230793221490e-01,
4.507991839993867322e-01,
4.510240240280710688e-01,
4.512541163862144322e-01,
4.514792340231176815e-01,
4.517041357919392430e-01,
4.519342725784780690e-01,
4.521590058691550285e-01,
4.523880949446163480e-01,
4.526133315167127913e-01,
4.528412549096922923e-01,
4.530715190052487240e-01,
4.532999424529107202e-01,
4.535287884581798434e-01,
4.537577058550696374e-01,
4.539820573568670858e-01,
4.542144711737308715e-01,
4.544386907743473425e-01,
4.546664794853430003e-01,
4.548916316700474249e-01,
4.551218670763321206e-01,
4.553468915956018215e-01,
4.555772817129459806e-01,
4.558010366237807420e-01,
4.560327781063531760e-01,
4.562563577444974094e-01,
4.564915936528605167e-01,
4.567149887379182704e-01,
4.569415090735358675e-01,
4.571647166996714029e-01,
4.573944055219858473e-01,
4.576174287061715029e-01,
4.578480244680340205e-01,
4.580709424690400100e-01,
4.583040624398155849e-01,
4.585268718416006251e-01,
4.587520747690460032e-01,
4.589747755114979566e-01,
4.592012837187561813e-01,
4.594283720746440425e-01,
4.596543925186811208e-01,
4.598771302145327478e-01,
4.601012174520384690e-01,
4.603243235696458102e-01,
4.605506898124676618e-01,
4.607745953280896201e-01,
4.610024172673818366e-01,
4.612320497335834490e-01,
4.614548839336384822e-01,
4.616829935900548243e-01,
4.619058570416558762e-01,
4.621302746570768449e-01,
4.623552967964121851e-01,
4.625816453550873897e-01,
4.628045624133665936e-01,
4.630275017526480630e-01,
4.632504429046190864e-01,
4.634823398759296831e-01,
4.637053037743976702e-01,
4.639288720305667635e-01,
4.641518563741449110e-01,
4.643772752490333278e-01,
4.646002781613363108e-01,
4.648234570169583746e-01,
4.650464763776900323e-01,
4.652695031788361413e-01,
4.654925368883857661e-01,
4.657155769659347411e-01,
4.659386228629784910e-01,
4.661616740232125133e-01,
4.663847298828335819e-01,
4.666077898708573812e-01,
4.668308534094403051e-01,
4.670539199141947040e-01,
4.672769887945227851e-01,
4.675000594539575061e-01,
4.677231312905000826e-01,
4.679462036969627148e-01,
4.681692760613300752e-01,
4.683923477671062541e-01,
4.686154181936763585e-01,
4.688384867166791037e-01,
4.690615527083680791e-01,
4.692846155379828410e-01,
4.695076745721278311e-01,
4.697307291751547931e-01,
4.699537787095409147e-01,
4.701768225362695230e-01,
4.703998600152237142e-01,
4.706228905055769296e-01,
4.708459133661708207e-01,
4.710689279559251985e-01,
4.712919336342226151e-01,
4.715149379022127718e-01,
4.717379492493742332e-01,
4.719609670570522608e-01,
4.721839907010945137e-01,
4.724070195523473181e-01,
4.726300529771099712e-01,
4.728530903376310102e-01,
4.730761309926055369e-01,
4.732991742976420113e-01,
4.735222196057750632e-01,
4.737452662679545456e-01,
4.739683136335419711e-01,
4.741913610508182164e-01,
4.744144078674750742e-01,
4.746374534311251780e-01,
4.748604970897979394e-01,
4.750835381924493062e-01,
4.753065760894591985e-01,
4.755296101331369374e-01,
4.757526396782141842e-01,
4.759756640823542551e-01,
4.761986827066399530e-01,
4.764216949160712811e-01,
4.766447000800588807e-01,
4.768676975729096990e-01,
4.770906867743033297e-01,
4.773136670697886719e-01,
4.775366378512535537e-01,
4.777595985173817006e-01,
4.779825484741405672e-01,
4.782054871352200420e-01,
4.784284139225049581e-01,
4.786513282665063596e-01,
4.788742296068138060e-01,
4.790971173925198112e-01,
4.793199910826509424e-01,
4.795428501465814897e-01,
4.797656940644489110e-01,
4.799885223275434099e-01,
4.802113344387184957e-01,
4.804341299127463660e-01,
4.806569082767195855e-01,
4.808796690703949772e-01,
4.811035479330741382e-01,
4.813277812274540102e-01,
4.815519872572822657e-01,
4.817761608005242668e-01,
4.820002966050919158e-01,
4.822243893977360418e-01,
4.824484338929935223e-01,
4.826724248022299935e-01,
4.828963568426943298e-01,
4.831202247466317434e-01,
4.833440369220129984e-01,
4.835678229330316880e-01,
4.837915779601651423e-01,
4.840152971961471651e-01,
4.842389758546292722e-01,
4.844626091787860855e-01,
4.846861924499175078e-01,
4.849097209959733479e-01,
4.851331902000207141e-01,
4.853565955085988315e-01,
4.855799324399988071e-01,
4.858031965923922391e-01,
4.860263836518290415e-01,
4.862494894000882750e-01,
4.864725097223474015e-01,
4.866954406146553058e-01,
4.869182781912312907e-01,
4.871410186915243745e-01,
4.873636584870557065e-01,
4.875861940880162892e-01,
4.878086221496129027e-01,
4.880309394781406351e-01,
4.882532056841095147e-01,
4.884754721459637627e-01,
4.886977388334093897e-01,
4.889200057158896717e-01,
4.891422727626168476e-01,
4.893645399425443632e-01,
4.895868072244068392e-01,
4.898090745766969234e-01,
4.900313419676877724e-01,
4.902536095665697147e-01,
4.904758776021334032e-01,
4.906981460498215930e-01,
4.909204148847109428e-01,
4.911426840815140693e-01,
4.913649536145836549e-01,
4.915872234579331534e-01,
4.918094935852329597e-01,
4.920317639698270629e-01,
4.922540345847484788e-01,
4.924763054027150311e-01,
4.926985763961524434e-01,
4.929208475371934517e-01,
4.931431187976983987e-01,
4.933653901492618954e-01,
4.935876615632184272e-01,
4.938099330106571760e-01,
4.940322044624355646e-01,
4.942544758891886936e-01,
4.944767472613345038e-01,
4.946990185490928726e-01,
4.949212897224905539e-01,
4.951435607513822723e-01,
4.953658316054455613e-01,
4.955881022542089620e-01,
4.958103726670576861e-01,
4.960326428132421639e-01,
4.962549126618896467e-01,
4.964771821820256337e-01,
4.966994513425714852e-01,
4.969217201123695138e-01,
4.971439884601850934e-01,
4.973662563547265880e-01,
4.975885237646534009e-01,
4.978107906585854114e-01,
4.980330570051223482e-01,
4.982553227728498402e-01,
4.984775879303564583e-01,
4.986998524462371574e-01,
4.989221162891235850e-01,
4.991443794276749779e-01,
4.993666418306021426e-01,
4.995889034666795570e-01,
4.998111643047571384e-01,
5.000334243137701806e-01,
5.002556834627490678e-01,
5.004779417208433667e-01,
5.007001990573188843e-01,
5.009224554415864228e-01,
5.011447108431885678e-01,
5.013669652318445413e-01,
5.015892185774353251e-01,
5.018114708500311938e-01,
5.020337220198914929e-01,
5.022559720574920616e-01,
5.024782209335251215e-01,
5.027004686189043836e-01,
5.029227150848043504e-01,
5.031449603026452166e-01,
5.033672042441059702e-01,
5.035894468811570324e-01,
5.038116881860439378e-01,
5.040339281313234165e-01,
5.042561666898499606e-01,
5.044784038348208988e-01,
5.047006395397458656e-01,
5.049228737784792198e-01,
5.051451065252422490e-01,
5.053673377546155088e-01,
5.055895674415437080e-01,
5.058117955613735672e-01,
5.060340220898252861e-01,
5.062562471195488634e-01,
5.064784719085764220e-01,
5.067006964530251789e-01,
5.069229207490766331e-01,
5.071451447930021006e-01,
5.073673685811543876e-01,
5.075895921099610186e-01,
5.078118153759453302e-01,
5.080340383757123712e-01,
5.082562611059575630e-01,
5.084784835634673650e-01,
5.087007058478727473e-01,
5.089229281132560123e-01,
5.091451503594244254e-01,
5.093673725861879165e-01,
5.095895948084117055e-01,
5.098118170306348285e-01,
5.100340392528572853e-01,
5.102562614750795200e-01,
5.104784836973017548e-01,
5.107007059195239895e-01,
5.109229281417462243e-01,
5.111451503639684590e-01,
5.113673725861906938e-01,
5.115895948084129286e-01,
5.118118170306351633e-01,
5.120340392528573981e-01,
5.122562614750796328e-01,
5.124784836973018676e-01,
5.127007059195242133e-01,
5.129229281417464481e-01,
5.131451503639686829e-01,
5.133673725861910286e-01,
5.135895948084133744e-01,
5.138118170306356092e-01,
5.140340392528578439e-01,
5.142562614750800787e-01,
5.144784836973023134e-01,
5.147007059195245482e-01,
5.149229281417467829e-01,
5.151451503639690177e-01,
5.153673725861912525e-01,
5.155895948084135982e-01,
5.158118170306358330e-01,
5.160340392528580677e-01,
5.162562614750805245e-01,
5.164784836973027593e-01,
5.167007059195249941e-01,
5.169229281417472288e-01,
5.171451503639694636e-01,
5.173673725861916983e-01,
5.175895948084139331e-01,
5.178118170306361678e-01,
5.180340392528584026e-01,
5.182562614750806373e-01,
5.184784836973028721e-01,
5.187007059195251069e-01,
5.189229281417473416e-01,
5.191451503639695764e-01,
5.193673725861918111e-01,
5.195895948084140459e-01,
5.198118170306362806e-01,
5.200340392528585154e-01,
5.202562614750807501e-01,
5.204784836973029849e-01,
5.207007059195252197e-01,
5.209229281417474544e-01,
5.211451503639696892e-01,
5.213673725861919239e-01,
5.215895948084141587e-01,
5.218118170306365045e-01,
5.220340392528588502e-01,
5.222562614750810850e-01,
5.224784836973033197e-01,
5.227007059195255545e-01,
5.229229281417479003e-01,
5.231451503639701350e-01,
5.233673725861923698e-01,
5.235895948084146045e-01,
5.238118170306368393e-01,
5.240340392528590741e-01,
5.242562614750813088e-01,
5.244784836973035436e-01,
5.247007059195257783e-01,
5.249229281417480131e-01,
5.251451503639703589e-01,
5.253673725861925936e-01,
5.255895948084148284e-01,
5.258118170306370631e-01,
5.260340392528592979e-01,
5.262562614750815326e-01,
5.264784836973038784e-01,
5.267007059195261132e-01,
5.269229281417483479e-01,
5.271451503639705827e-01,
5.273673725861928174e-01,
5.275895948084150522e-01,
5.278118170306372869e-01,
5.280340392528595217e-01,
5.282562614750817565e-01,
5.284784836973039912e-01,
5.287007059195262260e-01,
5.289229281417484607e-01,
5.291451503639706955e-01,
5.293673725861930413e-01,
5.295895948084152760e-01,
5.298118170306375108e-01,
5.300340392528597455e-01,
5.302562614750819803e-01,
5.304784836973042150e-01,
5.307007059195264498e-01,
5.309229281417486845e-01,
5.311451503639709193e-01,
5.313673725861931540e-01,
5.315895948084153888e-01,
5.318118170306376236e-01,
5.320340392528598583e-01,
5.322562614750822041e-01,
5.324784836973044388e-01,
5.327007059195266736e-01,
5.329229281417489084e-01,
5.331451503639711431e-01,
5.333673725861933779e-01,
5.335895948084156126e-01,
5.338118170306378474e-01,
5.340340392528600821e-01,
5.342562614750823169e-01,
5.344784836973045516e-01,
5.347007059195267864e-01,
5.349229281417490212e-01,
5.351451503639712559e-01,
5.353673725861934907e-01,
5.355895948084157254e-01,
5.358118170306379602e-01,
5.360340392528601949e-01,
5.362562614750824297e-01,
5.364784836973046644e-01,
5.367007059195268992e-01,
5.369229281417491340e-01,
5.371451503639713687e-01,
5.373673725861936035e-01,
5.375895948084158382e-01,
5.378118170306380730e-01,
5.380340392528603077e-01,
5.382562614750825425e-01,
5.384784836973047772e-01,
5.387007059195270120e-01,
5.389229281417492468e-01,
5.391451503639714815e-01,
5.393673725861937163e-01,
5.395895948084159510e-01,
5.398118170306381858e-01,
5.400340392528604205e-01,
5.402562614750826553e-01,
5.404784836973048900e-01,
5.407007059195271248e-01,
5.409229281417493596e-01,
5.411451503639715943e-01,
5.413673725861938291e-01,
5.415895948084160638e-01,
5.418118170306382986e-01,
5.420340392528605333e-01,
5.422562614750827681e-01,
5.424784836973050028e-01,
5.427007059195272376e-01,
5.429229281417494724e-01,
5.431451503639717071e-01,
5.433673725861939419e-01,
5.435895948084161766e-01,
5.438118170306384114e-01,
5.440340392528606461e-01,
5.442562614750828809e-01,
5.444784836973051156e-01,
5.447007059195274614e-01,
5.449229281417496962e-01,
5.451451503639719309e-01,
5.453673725861941657e-01,
5.455895948084164004e-01,
5.458118170306386352e-01,
5.460340392528608700e-01,
5.462562614750831047e-01,
5.464784836973053395e-01,
5.467007059195275742e-01,
5.469229281417498090e-01,
5.471451503639720437e-01,
5.473673725861942785e-01,
5.475895948084165132e-01,
5.478118170306387480e-01,
5.480340392528609827e-01,
5.482562614750832175e-01,
5.484784836973054523e-01,
5.487007059195276870e-01,
5.489229281417499218e-01,
5.491451503639721565e-01,
5.493673725861943913e-01,
5.495895948084166260e-01,
5.498118170306388608e-01,
5.500340392528610955e-01,
5.502562614750833303e-01,
5.504784836973055651e-01,
5.507007059195277998e-01,
5.509229281417500346e-01,
5.511451503639722693e-01,
5.513673725861945041e-01,
5.515895948084167388e-01,
5.518118170306389736e-01,
5.520340392528612083e-01,
5.522562614750834431e-01,
5.524784836973056779e-01,
5.527007059195279126e-01,
5.529229281417501474e-01,
5.531451503639723821e-01,
5.533673725861946169e-01,
5.535895948084168516e-01,
5.538118170306390864e-01,
5.540340392528613211e-01,
5.542562614750835559e-01,
5.544784836973057907e-01,
5.547007059195280254e-01,
5.549229281417502602e-01,
5.551451503639724949e-01,
5.553673725861947297e-01,
5.555895948084169644e-01,
5.558118170306391992e-01,
5.560340392528614339e-01,
5.562562614750836687e-01,
5.564784836973059035e-01,
5.567007059195281382e-01,
5.569229281417503730e-01,
5.571451503639726077e-01,
5.573673725861948425e-01,
5.575895948084170772e-01,
5.578118170306393120e-01,
5.580340392528615467e-01,
5.582562614750837815e-01,
5.584784836973060163e-01,
5.587007059195282510e-01,
5.589229281417504858e-01,
5.591451503639727205e-01,
5.593673725861949553e-01,
5.595895948084171900e-01,
5.598118170306394248e-01,
5.600340392528616595e-01,
5.602562614750838943e-01,
5.604784836973061291e-01,
5.607007059195283638e-01,
5.609229281417505986e-01,
5.611451503639728333e-01,
5.613673725861950681e-01,
5.615895948084173028e-01,
5.618118170306395376e-01,
5.620340392528617723e-01,
5.622562614750840071e-01,
5.624784836973062419e-01,
5.627007059195284766e-01,
5.629229281417507114e-01,
5.631451503639729461e-01,
5.633673725861951809e-01,
5.635895948084174156e-01,
5.638118170306396504e-01,
5.640340392528618851e-01,
5.642562614750841199e-01,
5.644784836973063546e-01,
5.647007059195285894e-01,
5.649229281417508242e-01,
5.651451503639730589e-01,
5.653673725861952937e-01,
5.655895948084175284e-01,
5.658118170306397632e-01,
5.660340392528619979e-01,
5.662562614750842327e-01,
5.664784836973064674e-01,
5.667007059195287022e-01,
5.669229281417509370e-01,
5.671451503639731717e-01,
5.673673725861954065e-01,
5.675895948084176412e-01,
5.678118170306398760e-01,
5.680340392528621107e-01,
5.682562614750843455e-01,
5.684784836973065802e-01,
5.687007059195288150e-01,
5.689229281417510498e-01,
5.691451503639732845e-01,
5.693673725861955193e-01,
5.695895948084177540e-01,
5.698118170306399888e-01,
5.700340392528622235e-01,
5.702562614750844583e-01,
5.704784836973066930e-01,
5.707007059195289278e-01,
5.709229281417511626e-01,
5.711451503639733973e-01,
5.713673725861956321e-01,
5.715895948084178668e-01,
5.718118170306401016e-01,
5.720340392528624474e-01,
5.722562614750846821e-01,
5.724784836973069169e-01,
5.727007059195291516e-01,
5.729229281417513864e-01,
5.731451503639736211e-01,
5.733673725861958559e-01,
5.735895948084180906e-01,
5.738118170306403254e-01,
5.740340392528625602e-01,
5.742562614750847949e-01,
5.744784836973070297e-01,
5.747007059195292644e-01,
5.749229281417514992e-01,
5.751451503639737339e-01,
5.753673725861959687e-01,
5.755895948084182034e-01,
5.758118170306404382e-01,
5.760340392528626730e-01,
5.762562614750849077e-01,
5.764784836973071425e-01,
5.767007059195293772e-01,
5.769229281417516120e-01,
5.771451503639738467e-01,
5.773673725861960815e-01,
5.775895948084183162e-01,
5.778118170306405510e-01,
5.780340392528627858e-01,
5.782562614750850205e-01,
5.784784836973072553e-01,
5.787007059195294900e-01,
5.789229281417517248e-01,
5.791451503639739595e-01,
5.793673725861961943e-01,
5.795895948084184290e-01,
5.798118170306406638e-01,
5.800340392528628986e-01,
5.802562614750851333e-01,
5.804784836973073681e-01,
5.807007059195296028e-01,
5.809229281417518376e-01,
5.811451503639740723e-01,
5.813673725861963071e-01,
5.815895948084185418e-01,
5.818118170306407766e-01,
5.820340392528631224e-01,
5.822562614750853571e-01,
5.824784836973075919e-01,
5.827007059195298266e-01,
5.829229281417520614e-01,
5.831451503639742961e-01,
5.833673725861965309e-01,
5.835895948084187657e-01,
5.838118170306410004e-01,
5.840340392528632352e-01,
5.842562614750855809e-01,
5.844784836973078157e-01,
5.847007059195300505e-01,
5.849229281417522852e-01,
5.851451503639745200e-01,
5.853673725861967547e-01,
5.855895948084189895e-01,
5.858118170306412242e-01,
5.860340392528634590e-01,
5.862562614750856937e-01,
5.864784836973079285e-01,
5.867007059195301633e-01,
5.869229281417523980e-01,
5.871451503639746328e-01,
5.873673725861968675e-01,
5.875895948084191023e-01,
5.878118170306413370e-01,
5.880340392528635718e-01,
5.882562614750858065e-01,
5.884784836973080413e-01,
5.887007059195302761e-01,
5.889229281417525108e-01,
5.891451503639747456e-01,
5.893673725861969803e-01,
5.895895948084192151e-01,
5.898118170306414498e-01,
5.900340392528636846e-01,
5.902562614750859193e-01,
5.904784836973081541e-01,
5.907007059195303889e-01,
5.909229281417526236e-01,
5.911451503639748584e-01,
5.913673725861970931e-01,
5.915895948084193279e-01,
5.918118170306415626e-01,
5.920340392528637974e-01,
5.922562614750860321e-01,
5.924784836973082669e-01,
5.927007059195305017e-01,
5.929229281417527364e-01,
5.931451503639749712e-01,
5.933673725861972059e-01,
5.935895948084194407e-01,
5.938118170306416754e-01,
5.940340392528639102e-01,
5.942562614750861449e-01,
5.944784836973083797e-01,
5.947007059195306145e-01,
5.949229281417528492e-01,
5.951451503639750840e-01,
5.953673725861973187e-01,
5.955895948084195535e-01,
5.958118170306417882e-01,
5.960340392528640230e-01,
5.962562614750862577e-01,
5.964784836973084925e-01,
5.967007059195307273e-01,
5.969229281417529620e-01,
5.971451503639751968e-01,
5.973673725861974315e-01,
5.975895948084196663e-01,
5.978118170306419010e-01,
5.980340392528641358e-01,
5.982562614750863705e-01,
5.984784836973086053e-01,
5.987007059195308400e-01,
5.989229281417530748e-01,
5.991451503639754206e-01,
5.993673725861976553e-01,
5.995895948084198901e-01,
5.998118170306421248e-01,
6.000340392528643596e-01,
6.002562614750865944e-01,
6.004784836973088291e-01,
6.007007059195310639e-01,
6.009229281417532986e-01,
6.011451503639755334e-01,
6.013673725861977681e-01,
6.015895948084200029e-01,
6.018118170306422376e-01,
6.020340392528644724e-01,
6.022562614750867072e-01,
6.024784836973089419e-01,
6.027007059195311767e-01,
6.029229281417534114e-01,
6.031451503639756462e-01,
6.033673725861978809e-01,
6.035895948084201157e-01,
6.038118170306423504e-01,
6.040340392528645852e-01,
6.042562614750868200e-01,
6.044784836973090547e-01,
6.047007059195312895e-01,
6.049229281417535242e-01,
6.051451503639757590e-01,
6.053673725861979937e-01,
6.055895948084202285e-01,
6.058118170306424632e-01,
6.060340392528646980e-01,
6.062562614750869328e-01,
6.064784836973091675e-01,
6.067007059195314023e-01,
6.069229281417536370e-01,
6.071451503639758718e-01,
6.073673725861981065e-01,
6.075895948084203413e-01,
6.078118170306425760e-01,
6.080340392528648108e-01,
6.082562614750870456e-01,
6.084784836973092803e-01,
6.087007059195315151e-01,
6.089229281417537498e-01,
6.091451503639759846e-01,
6.093673725861982193e-01,
6.095895948084204541e-01,
6.098118170306426888e-01,
6.100340392528649236e-01,
6.102562614750871584e-01,
6.104784836973095041e-01,
6.107007059195317389e-01,
6.109229281417539736e-01,
6.111451503639762084e-01,
6.113673725861984432e-01,
6.115895948084206779e-01,
6.118118170306429127e-01,
6.120340392528651474e-01,
6.122562614750873822e-01,
6.124784836973096169e-01,
6.127007059195318517e-01,
6.129229281417540864e-01,
6.131451503639763212e-01,
6.133673725861985560e-01,
6.135895948084207907e-01,
6.138118170306430255e-01,
6.140340392528652602e-01,
6.142562614750874950e-01,
6.144784836973097297e-01,
6.147007059195319645e-01,
6.149229281417541992e-01,
6.151451503639764340e-01,
6.153673725861986687e-01,
6.155895948084209035e-01,
6.158118170306431383e-01,
6.160340392528653730e-01,
6.162562614750876078e-01,
6.164784836973098425e-01,
6.167007059195320773e-01,
6.169229281417543120e-01,
6.171451503639765468e-01,
6.173673725861987815e-01,
6.175895948084210163e-01,
6.178118170306432511e-01,
6.180340392528654858e-01,
6.182562614750877206e-01,
6.184784836973099553e-01,
6.187007059195321901e-01,
6.189229281417544248e-01,
6.191451503639766596e-01,
6.193673725861988943e-01,
6.195895948084211291e-01,
6.198118170306433639e-01,
6.200340392528655986e-01,
6.202562614750878334e-01,
6.204784836973100681e-01,
6.207007059195323029e-01,
6.209229281417545376e-01,
6.211451503639767724e-01,
6.213673725861990071e-01,
6.215895948084212419e-01,
6.218118170306434767e-01,
6.220340392528657114e-01,
6.222562614750879462e-01,
6.224784836973101809e-01,
6.227007059195324157e-01,
6.229229281417546504e-01,
6.231451503639768852e-01,
6.233673725861991199e-01,
6.235895948084213547e-01,
6.238118170306435895e-01,
6.240340392528658242e-01,
6.242562614750880590e-01,
6.244784836973102937e-01,
6.247007059195325285e-01,
6.249229281417547632e-01,
6.251451503639769980e-01,
6.253673725861992327e-01,
6.255895948084214675e-01,
6.258118170306437023e-01,
6.260340392528659370e-01,
6.262562614750881718e-01,
6.264784836973104065e-01,
6.267007059195326413e-01,
6.269229281417548760e-01,
6.271451503639771108e-01,
6.273673725861993455e-01,
6.275895948084215803e-01,
6.278118170306438151e-01,
6.280340392528660498e-01,
6.282562614750882846e-01,
6.284784836973105193e-01,
6.287007059195327541e-01,
6.289229281417549888e-01,
6.291451503639772236e-01,
6.293673725861994583e-01,
6.295895948084216931e-01,
6.298118170306439279e-01,
6.300340392528661626e-01,
6.302562614750883974e-01,
6.304784836973106321e-01,
6.307007059195328669e-01,
6.309229281417551016e-01,
6.311451503639776694e-01,
6.313673725862003483e-01,
6.315895948084226941e-01,
6.318118170306452619e-01,
6.320340392528682738e-01,
6.322562614750908416e-01,
6.324784836973135205e-01,
6.327007059195367544e-01,
6.329229281417596553e-01,
6.331451503639821121e-01,
6.333673725862045689e-01,
6.335895948084272478e-01,
6.338118170306502597e-01,
6.340340392528727165e-01,
6.342562614750960615e-01,
6.344784836973225151e-01,
6.347007059195483025e-01,
6.349229281417726467e-01,
6.351451503639983232e-01,
6.353673725862239996e-01,
6.355900926128034145e-01,
6.358130690806729213e-01,
6.360360416850071585e-01,
6.362590103550082032e-01,
6.364819750209114169e-01,
6.367049356139677929e-01,
6.369278920664919186e-01,
6.371508443118365506e-01,
6.373737922844380233e-01,
6.375967359198094764e-01,
6.378196751545682774e-01,
6.380426099264301376e-01,
6.382655401742427514e-01,
6.384884658379674782e-01,
6.387113868587257492e-01,
6.389343031787796390e-01,
6.391572147415542915e-01,
6.393801214916492448e-01,
6.396030233748394300e-01,
6.398259203380977089e-01,
6.400488123295932086e-01,
6.402716992986976496e-01,
6.404945811959938951e-01,
6.407174579732922703e-01,
6.409403295836334502e-01,
6.411631959812855719e-01,
6.413860571217665507e-01,
6.416089129618247622e-01,
6.418317634594745691e-01,
6.420546085739867737e-01,
6.422774482658865081e-01,
6.425002824969641146e-01,
6.427231112302772553e-01,
6.429459344301661217e-01,
6.431687520622305643e-01,
6.433915640933630664e-01,
6.436143704917159925e-01,
6.438371712267351166e-01,
6.440599662691460781e-01,
6.442827555909536041e-01,
6.445055391654430643e-01,
6.447283169671877978e-01,
6.449510889720381224e-01,
6.451738551571287728e-01,
6.453966155008687977e-01,
6.456193699829421151e-01,
6.458421185843195023e-01,
6.460648612872353924e-01,
6.462875980751929816e-01,
6.465103289329672265e-01,
6.467330538465912992e-01,
6.469557728033566990e-01,
6.471784857918082556e-01,
6.474011928017461281e-01,
6.476238938242002696e-01,
6.478465888514487458e-01,
6.480692778769998608e-01,
6.482919608955767243e-01,
6.485146379031319075e-01,
6.487373088968241275e-01,
6.489599738750131408e-01,
6.491826328372533039e-01,
6.494052857842883553e-01,
6.496279327180359831e-01,
6.498560062727922748e-01,
6.500820799888774593e-01,
6.503102392390964770e-01,
6.505362053605777684e-01,
6.507639798399724729e-01,
6.509898431128026131e-01,
6.512172407505214533e-01,
6.514429968075046151e-01,
6.516700407565257924e-01,
6.518956856022253277e-01,
6.521228097757197917e-01,
6.523536577178058460e-01,
6.525845329822802521e-01,
6.528155694423312116e-01,
6.530455763805693703e-01,
6.532768088005104223e-01,
6.535059287841710196e-01,
6.537373610766111787e-01,
6.539655820631664618e-01,
6.541972134526455873e-01,
6.544245312300762674e-01,
6.546570642744812263e-01,
6.548861879792076124e-01,
6.551204770877386840e-01,
6.553490193863372726e-01,
6.555837302373999087e-01,
6.558218797804509226e-01,
6.560552446984462271e-01,
6.562926291928826705e-01,
6.565283721110868331e-01,
6.567588545201221706e-01,
6.570012448143021100e-01,
6.572295215981714955e-01,
6.574676846721971835e-01,
6.577006456458122097e-01,
6.579314460141688636e-01,
6.581700843142234136e-01,
6.584000690408660095e-01,
6.586327571924938118e-01,
6.588687269480681952e-01,
6.590962764747099190e-01,
6.593339075573965147e-01,
6.595612327916843265e-01,
6.597936175426684091e-01,
6.600286883630881452e-01,
6.602570067643657170e-01,
6.604900434086509176e-01,
6.607199217385472112e-01,
6.609470320233598040e-01,
6.611841348579717836e-01,
6.614099125137197221e-01,
6.616421521822802854e-01,
6.618713695571100120e-01,
6.620990258778569615e-01,
6.623322412849786955e-01,
6.625597155852179787e-01,
6.627867250610126604e-01,
6.630203244919991024e-01,
6.632438473693492709e-01,
6.634779520055688051e-01,
6.637014193086794300e-01,
6.639306164959672962e-01,
6.641606662386644322e-01,
6.643884309628955709e-01,
6.646145015952539259e-01,
6.648444586356809793e-01,
6.650677595247939111e-01,
6.653019153075505621e-01,
6.655251531894735839e-01,
6.657532803066075200e-01,
6.659772822706337969e-01,
6.662059401499511591e-01,
6.664314339867885018e-01,
6.666606703700632686e-01,
6.669092660483603163e-01,
6.671941905632359227e-01,
6.674402973365349823e-01,
6.677142741209509680e-01,
6.679615076039773225e-01,
6.682243051332625861e-01,
6.684707904491585806e-01,
6.687263731282369061e-01,
6.689687045745715821e-01,
6.692203701145010841e-01,
6.694648307229165152e-01,
6.697500885356828526e-01,
6.700151628890742561e-01,
6.702962421543481319e-01,
6.705494811082732820e-01,
6.708176960509448783e-01,
6.710674635600289983e-01,
6.713213085392070179e-01,
6.715662739732727315e-01,
6.718152164150346106e-01,
6.721095446422115094e-01,
6.724066694046058057e-01,
6.727063418330722078e-01,
6.729879849771739364e-01,
6.732708581454612817e-01,
6.735423720142056370e-01,
6.738192726224579987e-01,
6.740709372102683394e-01,
6.743466565818928560e-01,
6.745831754086694110e-01,
6.748521233453924628e-01,
6.750839983756676821e-01,
6.753383988216240530e-01,
6.755677034142599791e-01,
6.758214434723025521e-01,
6.760447807791105657e-01,
6.762918642316471107e-01,
6.765152085254336756e-01,
6.767560508327232771e-01,
6.769923659803892546e-01,
6.772219455009238498e-01,
6.774724302091801320e-01,
6.776987286149954715e-01,
6.779391285442484261e-01,
6.781716169655666038e-01,
6.783949107494482433e-01,
6.786279665697692032e-01,
6.788512239856546726e-01,
6.790744602259174423e-01,
6.792988881891015573e-01,
6.795237253966854851e-01,
6.797658002917229547e-01,
6.799897413288148451e-01,
6.802298362124546971e-01,
6.804590879750930243e-01,
6.806855819661170592e-01,
6.809142947347452957e-01,
6.811391135673293684e-01,
6.813620158511211056e-01,
6.815940316055882908e-01,
6.818169149602180124e-01,
6.820411057616330153e-01,
6.822639656775350003e-01,
6.824880066386443955e-01,
6.827108385794726786e-01,
6.829366741380574757e-01,
6.831594737007029572e-01,
6.833842615961190914e-01,
6.836070248819996475e-01,
6.838305211744876155e-01,
6.840532446714943093e-01,
6.842764471763150835e-01,
6.845028698778761189e-01,
6.847310920820809388e-01,
6.849537257556916892e-01,
6.851790059507086861e-01,
6.854015909908592885e-01,
6.856333266406017257e-01,
6.858558602280516725e-01,
6.860870520376290971e-01,
6.863886572393630425e-01,
6.866955588070560168e-01,
6.870360717603960499e-01,
6.873136670324500042e-01,
6.876359555675625179e-01,
6.879329524561688114e-01,
6.882243485426837726e-01,
6.885226729596137796e-01,
6.888072966585028212e-01,
6.890916877199849688e-01,
6.893731967513468950e-01,
6.896484731214189701e-01,
6.899261291851586098e-01,
6.901922893887568744e-01,
6.904677069638022191e-01,
6.907287083783951731e-01,
6.909935212379566538e-01,
6.912592338487179022e-01,
6.915075411047083564e-01,
6.917751597435061184e-01,
6.920179632136427283e-01,
6.922796057712365947e-01,
6.925238268749975834e-01,
6.927772052214826726e-01,
6.930258184335420513e-01,
6.932684414184134836e-01,
6.935232404178398591e-01,
6.937665589354584661e-01,
6.940081819139087838e-01,
6.942409690130409983e-01,
6.944864386499109976e-01,
6.947315899466925959e-01,
6.949818749534296680e-01,
6.952111220270700276e-01,
6.954532268378986748e-01,
6.956949757893353681e-01,
6.959319939920552978e-01,
6.961826838448139654e-01,
6.964111338642104965e-01,
6.966634947382113197e-01,
6.969017257192287040e-01,
6.971428739454855750e-01,
6.973931256588719041e-01,
6.976235299538064982e-01,
6.978766841837269475e-01,
6.981230541486107555e-01,
6.983597401190848597e-01,
6.986263647129060672e-01,
6.988595543838206359e-01,
6.991289220738711174e-01,
6.993584185314242196e-01,
6.996271063711267946e-01,
6.998628765032247623e-01,
7.001166848708714197e-01,
7.003769092267764229e-01,
7.006102713077877464e-01,
7.008946325459068927e-01,
7.011260011595298325e-01,
7.013983262406576769e-01,
7.016577247611978096e-01,
7.019053822479256466e-01,
7.021800784882622493e-01,
7.024279649606574027e-01,
7.026954647690050182e-01,
7.029622222165967660e-01,
7.032180264807958991e-01,
7.034911328908384220e-01,
7.037484594805417659e-01,
7.040114901590739382e-01,
7.042817063887819584e-01,
7.045343228016237580e-01,
7.048160761651032225e-01,
7.050649267831584632e-01,
7.053514074846797266e-01,
7.055992316484650528e-01,
7.058809000751111729e-01,
7.061329807110854340e-01,
7.064029000216400789e-01,
7.066671650934437388e-01,
7.069274726594330094e-01,
7.072016098637763371e-01,
7.074554261134561317e-01,
7.077314408384915989e-01,
7.079802014846046099e-01,
7.082573256503672532e-01,
7.085027932707470555e-01,
7.087816623326438359e-01,
7.090272884651227514e-01,
7.093006468647076179e-01,
7.095547093123375504e-01,
7.098130825059180138e-01,
7.100807172993158778e-01,
7.103255133408896693e-01,
7.105983456015942945e-01,
7.108435166528132010e-01,
7.111055600743817484e-01,
7.113674029297859525e-01,
7.116113997874887742e-01,
7.118881139928143753e-01,
7.121244688206277429e-01,
7.123966358033564372e-01,
7.126443002118766357e-01,
7.128963823496146102e-01,
7.131599118504594603e-01,
7.134050104492510869e-01,
7.136677857179245521e-01,
7.139299175028533950e-01,
7.141720251436323164e-01,
7.144487475535016285e-01,
7.146816084256902846e-01,
7.149594654171113062e-01,
7.151991087255064050e-01,
7.154742701297465146e-01,
7.157169943854266858e-01,
7.159926823048703426e-01,
7.162376006251439664e-01,
7.165056693123333931e-01,
7.167676067408804697e-01,
7.170229394698518499e-01,
7.172961697173280138e-01,
7.175558393519284595e-01,
7.178177129870020323e-01,
7.180907154617337529e-01,
7.183475489352805221e-01,
7.186159431844095780e-01,
7.188893922085946020e-01,
7.191476774001279715e-01,
7.194246449258511200e-01,
7.196956531255186418e-01,
7.199594850817868652e-01,
7.202397571079042216e-01,
7.205064970771938304e-01,
7.207826800678610590e-01,
7.210524320868345605e-01,
7.213394647236803792e-01,
7.215975237695930744e-01,
7.218929371965551178e-01,
7.221652997949221664e-01,
7.224391360072908164e-01,
7.227279704451629039e-01,
7.230023288023792460e-01,
7.232683977046275858e-01,
7.235687630516761670e-01,
7.238231602622093863e-01,
7.241165027036664537e-01,
7.243965676343713245e-01,
7.246692214209968785e-01,
7.249540411246555571e-01,
7.252252456894812127e-01,
7.255173255787286113e-01,
7.257794856891536250e-01,
7.260751645789186304e-01,
7.263479669017957052e-01,
7.266102022024234497e-01,
7.269135541814815138e-01,
7.271581728242137999e-01,
7.274602269463958937e-01,
7.277092586272504438e-01,
7.280073473595878308e-01,
7.282619065224633648e-01,
7.285396955374104921e-01,
7.288164666755305721e-01,
7.290739839601710903e-01,
7.293528333154943866e-01,
7.296204650894255739e-01,
7.298913633734389617e-01,
7.301491256917989059e-01,
7.304433224310227235e-01,
7.306830153981145326e-01,
7.309685367391741684e-01,
7.312244765252635670e-01,
7.314926002183852471e-01,
7.317564881735303395e-01,
7.320195131202625882e-01,
7.322881827035760960e-01,
7.325440642536821256e-01,
7.328191489302572359e-01,
7.330752792826502606e-01,
7.333445329328633910e-01,
7.336104029430133844e-01,
7.338674934221434132e-01,
7.341456750551522692e-01,
7.343999780953550660e-01,
7.346685404454947887e-01,
7.349475597321081244e-01,
7.351936300629131615e-01,
7.354727605871265173e-01,
7.357453766210918511e-01,
7.359997629639151162e-01,
7.362890082553399385e-01,
7.365415916123339013e-01,
7.368256393148105987e-01,
7.370842258697065663e-01,
7.373748972380615996e-01,
7.376276750414740846e-01,
7.379279376181916428e-01,
7.381805726324607297e-01,
7.384794866305108840e-01,
7.387412929256186311e-01,
7.390364454397252425e-01,
7.393086084296686122e-01,
7.395959407708185829e-01,
7.398867889810489817e-01,
7.401562346709831264e-01,
7.404708074425838671e-01,
7.407284213907059378e-01,
7.410493428414590689e-01,
7.413155189489670782e-01,
7.416262643916478048e-01,
7.419058323944127675e-01,
7.422101991204199667e-01,
7.424933436403647891e-01,
7.428080458714874101e-01,
7.430801141265596099e-01,
7.434043563581360647e-01,
7.436833966938118934e-01,
7.439883376014710947e-01,
7.442956889778585827e-01,
7.445840671325500981e-01,
7.448896720994513387e-01,
7.451940105706430506e-01,
7.454876909890518766e-01,
7.457909396451795070e-01,
7.460929733942628372e-01,
7.463909795973008299e-01,
7.466826276233758941e-01,
7.469958603108967088e-01,
7.472791922596977443e-01,
7.475831456341103243e-01,
7.478851829534639561e-01,
7.481758506535748365e-01,
7.484684771645317980e-01,
7.487806530081128065e-01,
7.490488964632475710e-01,
7.493655685564842850e-01,
7.496342672890992098e-01,
7.499523824154900042e-01,
7.502046921157294879e-01,
7.505312942905324469e-01,
7.507889030679817388e-01,
7.510823010327210003e-01,
7.513850700000733740e-01,
7.516419564107633677e-01,
7.519424424449772104e-01,
7.522272612993344820e-01,
7.524927184311419603e-01,
7.527858914126588363e-01,
7.530618148626915254e-01,
7.533349925798624724e-01,
7.536146231529563533e-01,
7.539008171365585431e-01,
7.541637599208333986e-01,
7.544593914087737163e-01,
7.547159561397175365e-01,
7.550186437822943297e-01,
7.552636566564622234e-01,
7.555656752863123549e-01,
7.558368364740644108e-01,
7.561090390461019384e-01,
7.563899301051634216e-01,
7.566669977935132074e-01,
7.569547218667411759e-01,
7.572065170608104356e-01,
7.575308531677251711e-01,
7.577728113099110319e-01,
7.580875226273479095e-01,
7.583444758332297253e-01,
7.586520470194750843e-01,
7.589375290135774721e-01,
7.592277638896779424e-01,
7.595266062980494670e-01,
7.598117641539396949e-01,
7.601306006794583681e-01,
7.604176154350839045e-01,
7.607264035248921807e-01,
7.610524630334271068e-01,
7.613277774549753740e-01,
7.616755321653887467e-01,
7.619914046343216896e-01,
7.623229696019910850e-01,
7.626477760702822239e-01,
7.629639159885341915e-01,
7.633379338843571116e-01,
7.636907337545912888e-01,
7.640053402099253876e-01,
7.643845472302545074e-01,
7.647424921684148336e-01,
7.650409999222916868e-01,
7.653930226552139171e-01,
7.656972349147759260e-01,
7.659928281727782506e-01,
7.662973266728321242e-01,
7.665895499685423387e-01,
7.668702600116031887e-01,
7.671439230931098585e-01,
7.674340234413051798e-01,
7.676784455699563470e-01,
7.679712713828955595e-01,
7.682163068691176822e-01,
7.685050173822557396e-01,
7.687742700262648610e-01,
7.690520820199833185e-01,
7.693397683114002739e-01,
7.696182238244984042e-01,
7.699095927522713323e-01,
7.701936450165294268e-01,
7.704912572150844907e-01,
7.707851298028022269e-01,
7.710772381775077289e-01,
7.713853494417546308e-01,
7.716927764887867580e-01,
7.719809550552401145e-01,
7.723185104075526164e-01,
7.726214747498119095e-01,
7.729262808824570730e-01,
7.732646645393621565e-01,
7.735643884010118265e-01,
7.738913419097483981e-01,
7.742183579480980127e-01,
7.745485350274486924e-01,
7.748443975271618323e-01,
7.752097146606580225e-01,
7.755198533890693691e-01,
7.758383733830316320e-01,
7.761836436606197598e-01,
7.765074834754862598e-01,
7.768368865130261813e-01,
7.771658785526719404e-01,
7.774984720101002500e-01,
7.778209016078599936e-01,
7.781655774481758270e-01,
7.784808939108922576e-01,
7.788342276773448924e-01,
7.791231607666576631e-01,
7.794638073258777222e-01,
7.798314127819668817e-01,
7.801033883599119978e-01,
7.804478257079930925e-01,
7.807688124461569235e-01,
7.811053644115425465e-01,
7.814196984963622805e-01,
7.817237482666248294e-01,
7.820587874678635032e-01,
7.823807303017112913e-01,
7.826760463415056712e-01,
7.830014460090508610e-01,
7.833231814391559134e-01,
7.836113855597677258e-01,
7.839533825239808351e-01,
7.842423506014019052e-01,
7.845508386170421122e-01,
7.848866622192828268e-01,
7.851678112231632589e-01,
7.855022061565826164e-01,
7.857873627455403964e-01,
7.861086935270631404e-01,
7.864028979392453378e-01,
7.867211218519979399e-01,
7.870209648376197409e-01,
7.873260213210125924e-01,
7.876298598431539233e-01,
7.879432539188749862e-01,
7.882741108287225629e-01,
7.885481712028735712e-01,
7.888821679670769971e-01,
7.891980874170240190e-01,
7.895090110081502965e-01,
7.898353204047582343e-01,
7.901476393710419321e-01,
7.904748455727930168e-01,
7.907870858431025329e-01,
7.911237722115629367e-01,
7.914964671221866865e-01,
7.917594234285073584e-01,
7.921684758677037808e-01,
7.924645651834636428e-01,
7.928174205265122731e-01,
7.932042622680557376e-01,
7.935167674210630295e-01,
7.938897683904548863e-01,
7.942272866692767774e-01,
7.945860338371623088e-01,
7.949087818296379782e-01,
7.952667543948600537e-01,
7.956222920223076089e-01,
7.959318438472287038e-01,
7.962953178472024218e-01,
7.966307978230779963e-01,
7.969467742279638944e-01,
7.972882679734524247e-01,
7.976637424771808593e-01,
7.979723991379910064e-01,
7.983085895047867808e-01,
7.986614222805468177e-01,
7.989936112724288497e-01,
7.993448337716133612e-01,
7.996766536073681708e-01,
8.000216536837256864e-01,
8.003485754995512957e-01,
8.006963290865359850e-01,
8.010530155077714154e-01,
8.013757911712394710e-01,
8.017228059836664089e-01,
8.020664475728952469e-01,
8.023905549059693332e-01,
8.027613616022576393e-01,
8.031183470717584427e-01,
8.034179328478718851e-01,
8.037733511514529861e-01,
8.041310673405309695e-01,
8.044660796382132606e-01,
8.048021155500083568e-01,
8.051341997552362573e-01,
8.054856105982356462e-01,
8.058101808267413846e-01,
8.061560946315152743e-01,
8.065010681819312355e-01,
8.068021344754774393e-01,
8.071598368777759269e-01,
8.074832352929119939e-01,
8.078183308372547389e-01,
8.081467674797707668e-01,
8.084735956188562334e-01,
8.088427865877686473e-01,
8.091580753818881089e-01,
8.095069233766342132e-01,
8.098605199695279033e-01,
8.101992806088856858e-01,
8.105626662569672680e-01,
8.108917183661933370e-01,
8.112480447509747838e-01,
8.116236003880906713e-01,
8.119614625675644071e-01,
8.123200311482211555e-01,
8.126945174528674709e-01,
8.130207288113603381e-01,
8.133918833357119960e-01,
8.137753745845341946e-01,
8.141230830866077461e-01,
8.144938299862557463e-01,
8.148448399378934726e-01,
8.152103254326530379e-01,
8.155887468310483168e-01,
8.159145110275267676e-01,
8.163000723401141467e-01,
8.166738777838487007e-01,
8.170131489256137192e-01,
8.174030504592311175e-01,
8.177565320477495625e-01,
8.181111305617579932e-01,
8.184960171136599349e-01,
8.188533887163905733e-01,
8.192201453120551147e-01,
8.195910224840784464e-01,
8.199333421400231137e-01,
8.203079039684794127e-01,
8.206835697011162223e-01,
8.210194956615566308e-01,
8.213872817876647359e-01,
8.217725276280433144e-01,
8.221191740606452747e-01,
8.224622074548640915e-01,
8.228493045606788403e-01,
8.232333491405110504e-01,
8.235760552906328247e-01,
8.239470380809859051e-01,
8.243167495126042521e-01,
8.246636935916689115e-01,
8.250497558445093471e-01,
8.254277856775925626e-01,
8.257947738811823868e-01,
8.261891518353687847e-01,
8.265353534803099311e-01,
8.268953362006301600e-01,
8.273160551108617033e-01,
8.276970781160327695e-01,
8.280303481112639696e-01,
8.284294141822874380e-01,
8.288282887146694033e-01,
8.292003351009417100e-01,
8.295840503632921914e-01,
8.299772552179023322e-01,
8.303742189415889152e-01,
8.307720544186095735e-01,
8.311681755465022414e-01,
8.315582228847065993e-01,
8.319301809383236046e-01,
8.323001794693126731e-01,
8.326598258141175712e-01,
8.330386820367788880e-01,
8.334123321700283027e-01,
8.337302446417483859e-01,
8.341046329788167624e-01,
8.344507301480728056e-01,
8.347965912830225266e-01,
8.351705558749210612e-01,
8.355271168664197834e-01,
8.359055155979010499e-01,
8.362495550581335868e-01,
8.366549055104157695e-01,
8.370711066764068287e-01,
8.374287110450815419e-01,
8.378280218506989341e-01,
8.381979660232729001e-01,
8.385773738127537680e-01,
8.390238967666665548e-01,
8.394078679176192326e-01,
8.397392255446952669e-01,
8.401784505392465574e-01,
8.405978199056095557e-01,
8.409803345541114750e-01,
8.413909227151609160e-01,
8.418072674309429182e-01,
8.422978471754221097e-01,
8.428836282924692114e-01,
8.434396779333447336e-01,
8.438396813726344314e-01,
8.442344382462995123e-01,
8.446210490826070449e-01,
8.449882881064174622e-01,
8.453848281209329629e-01,
8.457646793844317834e-01,
8.461187179903455480e-01,
8.465183426867792793e-01,
8.469181888049910345e-01,
8.472811651380468545e-01,
8.476791869522197764e-01,
8.480297203273607920e-01,
8.483403939139940730e-01,
8.487474464165555288e-01,
8.490749741657850347e-01,
8.493920473754101863e-01,
8.497755968806197657e-01,
8.501545215076997675e-01,
8.505754172091029019e-01,
8.509747144416884845e-01,
8.513279424737590917e-01,
8.517553355251825664e-01,
8.521682431227688426e-01,
8.525109814967484212e-01,
8.529495224458426561e-01,
8.534663353401752417e-01,
8.539904463987143535e-01,
8.544497638444367160e-01,
8.548463997924594659e-01,
8.552123157918239960e-01,
8.556979693981967561e-01,
8.563963988899327973e-01,
8.568187503926270043e-01,
8.572634188295066293e-01,
8.576522122101413181e-01,
8.579613061378117411e-01,
8.584150815829170167e-01,
8.590288911718479969e-01,
8.595741471493976160e-01,
8.599295090095872007e-01,
8.603164987137107422e-01,
8.607151266505208564e-01,
8.611016140997245216e-01,
8.615041394800053709e-01,
8.619710440943509910e-01,
8.623539377521484139e-01,
8.628019437674209202e-01,
8.631931084246828867e-01,
8.636551925081801251e-01,
8.640102042756488965e-01,
8.645074906012414351e-01,
8.648863732408017535e-01,
8.653015606640018786e-01,
8.656927648481393955e-01,
8.661697051226898703e-01,
8.665676335160864552e-01,
8.669554279017106513e-01,
8.673782652933141879e-01,
8.677353630764154113e-01,
8.681584281541296910e-01,
8.684850620171460367e-01,
8.688281469920103861e-01,
8.692389131028070981e-01,
8.696671241913720429e-01,
8.700892387245378057e-01,
8.706172223883432704e-01,
8.711481376136225308e-01,
8.715529811467463972e-01,
8.719884877137191737e-01,
8.724738017157954717e-01,
8.729957447969912687e-01,
8.735208585200874287e-01,
8.740254633487994917e-01,
8.745447191711001045e-01,
8.750993085635198065e-01,
8.756917679670113142e-01,
8.761758365451711716e-01,
8.764653702446687511e-01,
8.770516525963222287e-01,
8.775088059077144065e-01,
8.779787769070264147e-01,
8.784715681020092148e-01,
8.789744508503548603e-01,
8.794504383647813173e-01,
8.798594771030323614e-01,
8.802859439895780458e-01,
8.807470092518052684e-01,
8.811656770363924807e-01,
8.815383870039583680e-01,
8.819612728129165857e-01,
8.822970537740214558e-01,
8.826622849013857630e-01,
8.833393281175631051e-01,
8.839518792383918022e-01,
8.842583251282714052e-01,
8.846350608015398631e-01,
8.850877342876644072e-01,
8.855467680306038369e-01,
8.860570479730762727e-01,
8.865124675802027454e-01,
8.869923332415667883e-01,
8.874028713548607339e-01,
8.880529575644264817e-01,
8.885576816694619184e-01,
8.891262397975157050e-01,
8.897289845309075407e-01,
8.901044957524116841e-01,
8.905675975410268785e-01,
8.910793910387835304e-01,
8.915907150939037518e-01,
8.920821775975186219e-01,
8.924623171065254601e-01,
8.930097298218897528e-01,
8.936065293164073831e-01,
8.940529143894755393e-01,
8.944542359316089986e-01,
8.950928066366687919e-01,
8.956723032074440649e-01,
8.959958276537665078e-01,
8.964407088282928537e-01,
8.970904706990927568e-01,
8.976006941215304291e-01,
8.980215766927808207e-01,
8.988128512775249712e-01,
8.991389124117310505e-01,
8.994970125055586907e-01,
9.000377204466036840e-01,
9.006771110530034097e-01,
9.012045985024121908e-01,
9.015068640668049138e-01,
9.021473423894251775e-01,
9.027440440606158134e-01,
9.032690757451979913e-01,
9.037504490450811723e-01,
9.042724736901146532e-01,
9.048442020777470729e-01,
9.053641695411166479e-01,
9.058510429024010380e-01,
9.064103901440913047e-01,
9.069555101331001623e-01,
9.075868909258850703e-01,
9.080529745679593034e-01,
9.084661568370784313e-01,
9.089634146715602769e-01,
9.096001820716189679e-01,
9.101419256549596604e-01,
9.107325132814906299e-01,
9.113442781915973567e-01,
9.119985351254190631e-01,
9.126058807786043836e-01,
9.132198150151481508e-01,
9.137384192903711400e-01,
9.142994960357592182e-01,
9.148219238497190542e-01,
9.154614057182733911e-01,
9.160914803062339962e-01,
9.166289417853460408e-01,
9.172487398853437224e-01,
9.174895139193575133e-01,
9.179710735745840733e-01,
9.186950251967938019e-01,
9.191873882715614341e-01,
9.195028255309166676e-01,
9.198175255325045097e-01,
9.201630987186820709e-01,
9.208703335916846866e-01,
9.214676585259274910e-01,
9.220005020911257176e-01,
9.225966107612575406e-01,
9.232676836045798918e-01,
9.239824926234123659e-01,
9.247157973453361546e-01,
9.254708999870110420e-01,
9.263686663045724856e-01,
9.270977244308088450e-01,
9.278091140188799990e-01,
9.285155956594051130e-01,
9.291626601022106025e-01,
9.297840585004977232e-01,
9.302116973152586565e-01,
9.307560706888626800e-01,
9.313689751115076243e-01,
9.319861412798702283e-01,
9.326067998568869921e-01,
9.333660385713955510e-01,
9.339817131643673997e-01,
9.344511243684119339e-01,
9.349384409211315416e-01,
9.356045608507281841e-01,
9.360498804330864564e-01,
9.365828665788681340e-01,
9.370554585283722426e-01,
9.376234081972989465e-01,
9.382336737121161896e-01,
9.388651140810436724e-01,
9.394982727725089688e-01,
9.402336791931990012e-01,
9.412416161087950872e-01,
9.419108093606199938e-01,
9.425276506196145210e-01,
9.431855817082631654e-01,
9.439156547813776221e-01,
9.446387718219855234e-01,
9.456168350337975648e-01,
9.463834990087807153e-01,
9.470552854325243741e-01,
9.474027378206558714e-01,
9.480069300817833833e-01,
9.487455798800196183e-01,
9.494085541946961637e-01,
9.501450243808264862e-01,
9.508794448652525544e-01,
9.515082572611569534e-01,
9.522216211117932039e-01,
9.529665867167346205e-01,
9.535914235419424845e-01,
9.542312696635993907e-01,
9.548389861659858369e-01,
9.554775380455267086e-01,
9.561938957210622814e-01,
9.568852565187915271e-01,
9.577976207072942394e-01,
9.584607652072248962e-01,
9.591132304098820560e-01,
9.599273247536730391e-01,
9.606510415360755006e-01,
9.616053040469908497e-01,
9.624329394149468975e-01,
9.632524685787714480e-01,
9.643151271157742732e-01,
9.651902703099612957e-01,
9.661081447646114873e-01,
9.676218411067699643e-01,
9.690832072644296469e-01,
9.703025103992884981e-01,
9.710083275433445404e-01,
9.715790752232593697e-01,
9.718257065669121397e-01,
9.721191971228088091e-01,
9.723974506674442075e-01,
9.726267962110299869e-01,
9.728587241006312336e-01,
9.730884129866020915e-01,
9.733205917601436274e-01,
9.735523161421795191e-01,
9.737853914006713296e-01,
9.740195463441797541e-01,
9.742533439385180349e-01,
9.744898913762719550e-01,
9.747246640549209751e-01,
9.749635514642223111e-01,
9.751995625077144458e-01,
9.754407347767348746e-01,
9.756839476696913538e-01,
9.793688508262771153e-01,
9.875555555555548537e-01,
9.877777777777770885e-01,
9.879999999999993232e-01,
9.882222222222215580e-01,
9.884444444444437927e-01,
9.886666666666660275e-01,
9.888888888888882622e-01,
9.891111111111104970e-01,
9.893333333333327317e-01,
9.895555555555549665e-01,
9.897777777777772013e-01,
9.899999999999994360e-01,
9.902222222222216708e-01,
9.904444444444439055e-01,
9.906666666666661403e-01,
9.908888888888883750e-01,
9.911111111111106098e-01,
9.913333333333328445e-01,
9.915555555555550793e-01,
9.917777777777773140e-01,
9.919999999999995488e-01,
9.922222222222217836e-01,
9.924444444444440183e-01,
9.926666666666662531e-01,
9.928888888888884878e-01,
9.931111111111107226e-01,
9.933333333333329573e-01,
9.935555555555551921e-01,
9.937777777777774268e-01,
9.939999999999996616e-01,
9.942222222222218964e-01,
9.944444444444441311e-01,
9.946666666666663659e-01,
9.948888888888886006e-01,
9.951111111111108354e-01,
9.953333333333330701e-01,
9.955555555555553049e-01,
9.957777777777775396e-01,
9.959999999999997744e-01,
9.962222222222220092e-01,
9.964444444444442439e-01,
9.966666666666664787e-01,
9.968888888888887134e-01,
9.971111111111109482e-01,
9.973333333333331829e-01,
9.975555555555554177e-01,
9.977777777777776524e-01,
9.979999999999998872e-01,
9.982222222222221220e-01,
9.984444444444443567e-01,
9.986666666666665915e-01,
9.988888888888888262e-01,
9.991111111111110610e-01,
9.993333333333332957e-01,
9.995555555555555305e-01,
9.997777777777777652e-01
