0,
0.00066666666667,
0.00133333333333,
0.00200000000000,
0.00266666666667,
0.00333333333333,
0.00400000000000,
0.00466666666667,
0.00533333342310,
0.00600000019885,
0.00666666697424,
0.00733333374907,
0.00800000052314,
0.00866666729627,
0.00933333406825,
0.01000000083891,
0.02367675424427,
0.03837243154411,
0.04099577457912,
0.04407997047868,
0.04700829212986,
0.04897346252229,
0.05558447470885,
0.05761826286553,
0.06340337202336,
0.06671842795296,
0.06943495834009,
0.07072096871659,
0.07391486994453,
0.07817538249867,
0.08067242613299,
0.08379246785313,
0.08712379567914,
0.09038086156481,
0.09254412647774,
0.09554770242411,
0.09644981393651,
0.09907479725579,
0.10187434555184,
0.10529226970072,
0.10789068379609,
0.11012615214753,
0.11239303534153,
0.11541323614711,
0.11646408639878,
0.11756908890649,
0.12022271322575,
0.12335418747554,
0.12577898601779,
0.12796014192888,
0.12995390189926,
0.13111203256495,
0.13357940902774,
0.13542277209587,
0.13760798798548,
0.13942406849082,
0.14176147794848,
0.14292832126740,
0.14524934157053,
0.14661780811664,
0.14888494739942,
0.15103820276976,
0.15236034466737,
0.15350427102431,
0.15617563942914,
0.15772005715032,
0.16004434455413,
0.16139789659738,
0.16249865554863,
0.16395930900383,
0.16625290995619,
0.16778260025755,
0.16920053812550,
0.17045907374661,
0.17233168449519,
0.17451064606560,
0.17584804775782,
0.17698197697067,
0.17957057275701,
0.18062418639690,
0.18187506897932,
0.18285405391104,
0.18487452682222,
0.18702411795850,
0.18781339044452,
0.18978517400593,
0.19066164875300,
0.19219679440893,
0.19338578209772,
0.19512886691730,
0.19598596144788,
0.19880008687813,
0.19983001694695,
0.20104314038611,
0.20214869843834,
0.20281959868681,
0.20520891100653,
0.20620377770967,
0.20773985275923,
0.20879939708721,
0.20993011770460,
0.21182625956041,
0.21297250197958,
0.21413704751439,
0.21536093009098,
0.21705496921114,
0.21811559971384,
0.21955095190384,
0.22059044373875,
0.22197447084547,
0.22321995203771,
0.22443967870864,
0.22581871483548,
0.22700258331992,
0.22816284847859,
0.22956255511840,
0.23070413402959,
0.23186030167474,
0.23307428832961,
0.23434035792752,
0.23545688659329,
0.23651048441542,
0.23776782933324,
0.23890801047572,
0.24006355189992,
0.24124558248685,
0.24255618966020,
0.24361663315410,
0.24482795557090,
0.24586708569384,
0.24708815310867,
0.24823052484917,
0.24932491873888,
0.25059915080664,
0.25175742227411,
0.25281742922637,
0.25387795924428,
0.25504709697377,
0.25610320311568,
0.25717428390083,
0.25830063669903,
0.25935181743980,
0.26038426439100,
0.26149345734655,
0.26269659329575,
0.26375889579245,
0.26483953965449,
0.26585734379326,
0.26691282111244,
0.26791985794630,
0.26908329622669,
0.26999061957920,
0.27107270570155,
0.27203029671781,
0.27305391772990,
0.27408306138323,
0.27516226388263,
0.27630749619787,
0.27727787458619,
0.27838445382832,
0.27959180024337,
0.28059618111477,
0.28159431956705,
0.28268394955285,
0.28357431969828,
0.28454814600135,
0.28551813464161,
0.28638448720788,
0.28707750654233,
0.28805413763064,
0.28908906644277,
0.29004284320433,
0.29117714336404,
0.29215620938096,
0.29323896459575,
0.29431116636991,
0.29529062229751,
0.29639968997987,
0.29741921242459,
0.29827318618782,
0.29922948485943,
0.30010828389687,
0.30096840285881,
0.30193484155366,
0.30272066591629,
0.30359818387257,
0.30445443438400,
0.30543389425588,
0.30643404183741,
0.30761845712761,
0.30858782100644,
0.30959473470674,
0.31055249686267,
0.31149326157449,
0.31238971526883,
0.31325253819407,
0.31425159803164,
0.31497983545634,
0.31587504252470,
0.31677292213470,
0.31761321090919,
0.31846654280707,
0.31938805252514,
0.32028424501740,
0.32121592213313,
0.32209591424058,
0.32299162607573,
0.32396280824798,
0.32482217460215,
0.32573351959029,
0.32665386282694,
0.32760939303140,
0.32846832009329,
0.32936330560746,
0.33027139142622,
0.33110124657406,
0.33196671179469,
0.33283078375726,
0.33370523625776,
0.33460062283513,
0.33539232104603,
0.33631054209048,
0.33718661738241,
0.33803335550076,
0.33893247998358,
0.33984589236413,
0.34069343985049,
0.34163442131420,
0.34249065466716,
0.34341470750571,
0.34432137876088,
0.34516000427322,
0.34615564175399,
0.34702473264495,
0.34795360115376,
0.34880059924776,
0.34968529593827,
0.35061642504350,
0.35141067216766,
0.35232753132401,
0.35321292137761,
0.35406737614079,
0.35486872436551,
0.35581054328335,
0.35663626954216,
0.35740976697632,
0.35834170861418,
0.35916555300815,
0.35992100593712,
0.36081328964278,
0.36164146631896,
0.36236928166799,
0.36324239332454,
0.36407475094238,
0.36478748866869,
0.36560878040796,
0.36643172292797,
0.36721040545779,
0.36797947630864,
0.36877154671242,
0.36955990632720,
0.37033223442887,
0.37114886587645,
0.37195266471985,
0.37272134295667,
0.37349146687063,
0.37435962869731,
0.37520046115165,
0.37592121994049,
0.37671588182527,
0.37761472217022,
0.37836959439838,
0.37914605983255,
0.38003486199151,
0.38080182038221,
0.38157683936751,
0.38238188395348,
0.38316898062341,
0.38396779886167,
0.38471541263526,
0.38547285598604,
0.38625593388433,
0.38700981644582,
0.38769188442640,
0.38855059668786,
0.38922489074694,
0.38992791296030,
0.39069083077706,
0.39145385063596,
0.39212645581565,
0.39290973873096,
0.39372258692816,
0.39440653158724,
0.39510967188752,
0.39590661818908,
0.39662975327373,
0.39736280931669,
0.39808223465147,
0.39884637008034,
0.39958637675960,
0.40037196240464,
0.40111011018075,
0.40184861004732,
0.40262005356902,
0.40338643118987,
0.40411129179184,
0.40484761371700,
0.40563902962648,
0.40632510216596,
0.40712111544627,
0.40779272246973,
0.40860663808526,
0.40928282042246,
0.41003687397739,
0.41076325179403,
0.41150679526733,
0.41218418474686,
0.41286669177262,
0.41358047260680,
0.41429258140446,
0.41496409531641,
0.41565138493896,
0.41632352268136,
0.41701998868609,
0.41771006749028,
0.41845105713129,
0.41913002644742,
0.41987905283673,
0.42055227197294,
0.42124765684842,
0.42197800262687,
0.42271613124299,
0.42338856495436,
0.42411397433179,
0.42482581309266,
0.42552971215060,
0.42622254129117,
0.42701392851464,
0.42770732564641,
0.42846127628251,
0.42918351226158,
0.42986859883281,
0.43055343390393,
0.43130718951953,
0.43198307244899,
0.43265716891721,
0.43335826295614,
0.43406379541538,
0.43473785962655,
0.43541180895831,
0.43611494279412,
0.43678870697148,
0.43746275940454,
0.43814766442885,
0.43883732364228,
0.43951645034368,
0.44020333937249,
0.44088273172819,
0.44155719156429,
0.44225589289119,
0.44295397627262,
0.44362772298646,
0.44430111057825,
0.44502746928141,
0.44569992918260,
0.44637186406077,
0.44709380167188,
0.44777893644441,
0.44845631507302,
0.44913469003400,
0.44984214460676,
0.45051384000890,
0.45119041358961,
0.45187750359533,
0.45255025377299,
0.45322328366450,
0.45389723710934,
0.45457071112061,
0.45524436549029,
0.45591823826723,
0.45659332426934,
0.45726748923084,
0.45794172522389,
0.45862408588679,
0.45929831044394,
0.45997245274954,
0.46064646280670,
0.46133567542354,
0.46201031160881,
0.46268511509936,
0.46337216487223,
0.46404691023152,
0.46472142663385,
0.46541685659790,
0.46609050251575,
0.46676352697596,
0.46744535540040,
0.46812471335994,
0.46879567366228,
0.46946628712326,
0.47014793170758,
0.47081785448044,
0.47148752960954,
0.47215870521062,
0.47282781650832,
0.47349661661599,
0.47416508870342,
0.47483321814716,
0.47550099251439,
0.47616840152197,
0.47683572158493,
0.47750298737118,
0.47817019944660,
0.47883735842302,
0.47950446494270,
0.48017154485126,
0.48083862034713,
0.48150569155444,
0.48217275847339,
0.48283982097228,
0.48350687878094,
0.48417393148590,
0.48484097852702,
0.48550801919572,
0.48617511060083,
0.48684225914824,
0.48750946316679,
0.48817672070033,
0.48884402951634,
0.48951138711605,
0.49017879074597,
0.49084623741067,
0.49151386507992,
0.49218158773477,
0.49284937391694,
0.49351721623924,
0.49418510679554,
0.49485303720954,
0.49552099868682,
0.49618898206983,
0.49685697789551,
0.49752497645504,
0.49819296785536,
0.49886094208210,
0.49952888906343,
0.50019679873439,
0.50086466110135,
0.50153246630604,
0.50220020468881,
0.50286786685064,
0.50353544371357,
0.50420292657895,
0.50487034541217,
0.50553771758191,
0.50620503984384,
0.50687230918150,
0.50753952282089,
0.50820667824386,
0.50887377320012,
0.50954080571794,
0.51020777411336,
0.51087467699796,
0.51154151328508,
0.51220828219450,
0.51287498325561,
0.51354166038340,
0.51420833592497,
0.51487500989537,
0.51554168231047,
0.51620835318698,
0.51687502254248,
0.51754169039546,
0.51820835712248,
0.51887502384110,
0.51954169055128,
0.52020835725305,
0.52087502394870,
0.52154169063960,
0.52220835732576,
0.52287502400718,
0.52354169068387,
0.52420835735585,
0.52487502402316,
0.52554169068983,
0.52620835735650,
0.52687502402316,
0.52754169068983,
0.52820835735650,
0.52887502402316,
0.52954169068983,
0.53020835735650,
0.53087502402316,
0.53154169068983,
0.53220835735650,
0.53287502402316,
0.53354169068983,
0.53420835735650,
0.53487502402316,
0.53554169068983,
0.53620835735650,
0.53687502402316,
0.53754169068983,
0.53820835735650,
0.53887502402317,
0.53954169068983,
0.54020835735650,
0.54087502402317,
0.54154169068983,
0.54220835735650,
0.54287502402317,
0.54354169068983,
0.54420835735650,
0.54487502402317,
0.54554169068983,
0.54620835735650,
0.54687502402317,
0.54754169068983,
0.54820835735650,
0.54887502402317,
0.54954169068983,
0.55020835735650,
0.55087508950256,
0.55154182999357,
0.55220857220506,
0.55287531609219,
0.55354206161302,
0.55420880872863,
0.55487555740326,
0.55554230760444,
0.55620905930309,
0.55687581247361,
0.55754256709397,
0.55820932314582,
0.55887608061449,
0.55954283948912,
0.56020959976264,
0.56087636143186,
0.56154312449744,
0.56220988896392,
0.56287665483975,
0.56354342213724,
0.56421029944729,
0.56487727291814,
0.56554424609356,
0.56621122968103,
0.56687822304082,
0.56754522551849,
0.56821223644728,
0.56887925515048,
0.56954628094385,
0.57021331313805,
0.57088035104103,
0.57154739396050,
0.57221444120633,
0.57288149209292,
0.57354854594162,
0.57421560208301,
0.57488265985925,
0.57554971862624,
0.57621677775589,
0.57688383663817,
0.57755089468317,
0.57821795132310,
0.57888500601410,
0.57955205823809,
0.58021910750441,
0.58088615335145,
0.58155319534807,
0.58222023309502,
0.58288726622614,
0.58355429440952,
0.58422131734847,
0.58488833478241,
0.58555534648760,
0.58622241988871,
0.58688951469120,
0.58755661097458,
0.58822370871573,
0.58889080791192,
0.58955790858055,
0.59022501075882,
0.59089211450332,
0.59155921988955,
0.59222632701134,
0.59289343598029,
0.59356054692501,
0.59422765999039,
0.59489477533684,
0.59556189313934,
0.59622901358656,
0.59689613687989,
0.59756326323243,
0.59823039286787,
0.59889752601948,
0.59956466292890,
0.60023180384503,
0.60089894902281,
0.60156609872203,
0.60223325320612,
0.60290041274086,
0.60356757759322,
0.60423474803003,
0.60490192431682,
0.60556910671652,
0.60623629548827,
0.60690349088620,
0.60757069315827,
0.60823790254504,
0.60890511927864,
0.60957234358156,
0.61023957566566,
0.61090681573111,
0.61157406396542,
0.61224132054251,
0.61290858562182,
0.61357585934747,
0.61424314184751,
0.61491043323319,
0.61557773359832,
0.61624504301864,
0.61691236155134,
0.61757968923458,
0.61824702608711,
0.61891437210791,
0.61958172727600,
0.62024909155020,
0.62091698435423,
0.62158540005922,
0.62225377844515,
0.62292211745002,
0.62359041524451,
0.62425867023672,
0.62492688107561,
0.62559542499419,
0.62626429328750,
0.62693314078980,
0.62760196633160,
0.62827076890904,
0.62893954768207,
0.62960830197161,
0.63027703125588,
0.63094573516570,
0.63161441347912,
0.63228360137026,
0.63295564082648,
0.63362763563738,
0.63429958158059,
0.63497147434147,
0.63564330952452,
0.63631508266671,
0.63698678925260,
0.63765842473126,
0.63832998453465,
0.63900146409759,
0.63967285887886,
0.64034681577404,
0.64102245694875,
0.64169806066674,
0.64237361278039,
0.64304909921989,
0.64372450604908,
0.64439981952097,
0.64507502613276,
0.64575011267999,
0.64642506630927,
0.64709987456961,
0.64777452546175,
0.64844900748528,
0.64912330968330,
0.64979742168435,
0.65047133374131,
0.65114503676713,
0.65181852236712,
0.65250194627835,
0.65318684970731,
0.65387138126178,
0.65455555181831,
0.65523957016103,
0.65592340513882,
0.65660702460474,
0.65729039566674,
0.65797348495321,
0.65865625888993,
0.65933868398555,
0.66002072712191,
0.66070235584604,
0.66138353866035,
0.66206424530786,
0.66274444704904,
0.66342411692752,
0.66410323002152,
0.66478176367860,
0.66545969773121,
0.66613701469095,
0.66681369991975,
0.66750644032514,
0.66819204668739,
0.66893169349279,
0.66968102332339,
0.67038471687734,
0.67115837543642,
0.67202260937941,
0.67272244608470,
0.67343067534267,
0.67415940081060,
0.67487457613770,
0.67568054456776,
0.67648553892681,
0.67730826527820,
0.67812558991634,
0.67897866974136,
0.67965238481936,
0.68042095240031,
0.68115578162783,
0.68182902015997,
0.68250207054907,
0.68320910855985,
0.68388762105366,
0.68455996667816,
0.68523588098052,
0.68594618410403,
0.68661763224931,
0.68731799292617,
0.68799419436557,
0.68871515526129,
0.68956677721569,
0.69031286830181,
0.69104046685367,
0.69182140593932,
0.69256857501747,
0.69339559664570,
0.69415631384983,
0.69488333163034,
0.69566668892590,
0.69646916229249,
0.69724688325429,
0.69797178383915,
0.69887148913394,
0.69965559329282,
0.70046579455640,
0.70122201993229,
0.70195791672538,
0.70279653674104,
0.70356538331976,
0.70429015705154,
0.70497591098168,
0.70579196121812,
0.70651315238494,
0.70718862556592,
0.70789983308613,
0.70872071804904,
0.70939543864047,
0.71014323470509,
0.71092178431591,
0.71170097595353,
0.71249628597284,
0.71340200575152,
0.71412541803477,
0.71500606163962,
0.71588352101195,
0.71670199191434,
0.71755234712190,
0.71830346352214,
0.71930633239261,
0.72010556114241,
0.72082712112440,
0.72162633073477,
0.72237400561106,
0.72314393688127,
0.72384437276367,
0.72452082626866,
0.72521262596636,
0.72596525675423,
0.72666279709196,
0.72733594377487,
0.72817760271229,
0.72902894723533,
0.72992444143864,
0.73090809156953,
0.73228786138967,
0.73322780250858,
0.73400137648723,
0.73472258891507,
0.73548963770184,
0.73616497045069,
0.73701125404494,
0.73775887204665,
0.73857184756273,
0.73946977229002,
0.74022158347467,
0.74097347292546,
0.74179920154985,
0.74260694042105,
0.74331022567126,
0.74424655960593,
0.74528297722538,
0.74615879980587,
0.74699270719471,
0.74783993890708,
0.74877297420523,
0.74962511351406,
0.75053328107145,
0.75153574006982,
0.75244852793462,
0.75322809482996,
0.75399075110490,
0.75485428499247,
0.75568247539981,
0.75654715837537,
0.75752442682607,
0.75831972977018,
0.75920633593689,
0.76013160330995,
0.76106109383615,
0.76196339132314,
0.76276201645326,
0.76358534581543,
0.76440899839370,
0.76529167776353,
0.76604686517605,
0.76689962073442,
0.76786495145691,
0.76879501054578,
0.76978278406303,
0.77090653276826,
0.77270409093148,
0.77359988022863,
0.77436401329089,
0.77504962409086,
0.77582521171703,
0.77650236062783,
0.77718014591318,
0.77790086275488,
0.77865212517029,
0.77967665845818,
0.78063911125771,
0.78165368374402,
0.78277426254184,
0.78395400736879,
0.78495710800708,
0.78593654683578,
0.78722748707443,
0.78811160235693,
0.78911131648658,
0.79012127266651,
0.79097383216948,
0.79179910782912,
0.79277189611195,
0.79377125594232,
0.79464878873782,
0.79546449487366,
0.79663377045954,
0.79751751052062,
0.79861920100743,
0.79955033784351,
0.80070830392949,
0.80164953785312,
0.80272737270846,
0.80394097114813,
0.80480545051547,
0.80581448777865,
0.80689016452738,
0.80785723376973,
0.80888148057482,
0.80984613946372,
0.81074373751701,
0.81172479738567,
0.81281164222018,
0.81388989384482,
0.81499019128824,
0.81611061443406,
0.81719738477800,
0.81811497018516,
0.81931080822522,
0.82047003177063,
0.82160332171213,
0.82276036062898,
0.82388462135086,
0.82493442218315,
0.82610614626191,
0.82709383974067,
0.82823817962735,
0.82925647571515,
0.83034702017564,
0.83138429367526,
0.83262348861525,
0.83363770443650,
0.83480384282363,
0.83592072449097,
0.83714229140594,
0.83829438969159,
0.83951288965368,
0.84077191051427,
0.84186822194150,
0.84311282386874,
0.84427812354201,
0.84546610562271,
0.84666554667310,
0.84783679407143,
0.84908228425079,
0.85025172824839,
0.85140909545278,
0.85256841257298,
0.85373615094976,
0.85472847509369,
0.85619508892375,
0.85711741321631,
0.85917231976732,
0.85988331527380,
0.86198710327783,
0.86305655709954,
0.86403003455574,
0.86502497514384,
0.86615799668050,
0.86829009967688,
0.86913286692573,
0.86994523900507,
0.87232423684923,
0.87331611765926,
0.87436626622507,
0.87540688008749,
0.87670838886996,
0.87878008658338,
0.87964504131894,
0.88170411951997,
0.88267734184019,
0.88387568575380,
0.88488102502824,
0.88756192380720,
0.88849561518031,
0.89003443442507,
0.89092949702943,
0.89308921121502,
0.89454974550609,
0.89573004041743,
0.89744475217550,
0.89814680241927,
0.90028784950642,
0.90132922165425,
0.90354814366542,
0.90459824678031,
0.90664244464776,
0.90755326486406,
0.90985161814160,
0.91157503263519,
0.91366430667306,
0.91466424334358,
0.91670599102871,
0.91772428947401,
0.91876816345597,
0.92105842584201,
0.92334178312539,
0.92552496702851,
0.92796471520118,
0.92886013811691,
0.92963110975529,
0.93167155831329,
0.93339392880588,
0.93549507333491,
0.93762458553789,
0.94023338832288,
0.94268664427878,
0.94369799156090,
0.94609495554739,
0.94703770456879,
0.94926470915666,
0.95217859761333,
0.95447845612395,
0.95588704394659,
0.95783887177179,
0.96023172303709,
0.96268775885258,
0.96570986913824,
0.96698371653623,
0.97067878432657,
0.97270280351344,
0.97365277400329,
0.97458304538052,
0.97548608185965,
0.97643123441885,
0.97754704547915,
0.98799999992956,
0.98866666666667,
0.98933333333333,
0.99000000000000,
0.99066666666667,
0.99133333333333,
0.99200000000000,
0.99266666666667,
0.99333333333333,
0.99400000000000,
0.99466666666667,
0.99533333333333,
0.99600000000000,
0.99666666666667,
0.99733333333333,
0.99800000000000,
0.99866666666667,
0.99933333333333,
1
