0,
0.005525078622,
0.011050187804,
0.017339359160,
0.055775747279,
0.080759691502,
0.095890090097,
0.116224436739,
0.127734394728,
0.144768557705,
0.159860216549,
0.168661517540,
0.181756177667,
0.195731438494,
0.203137887875,
0.214901315521,
0.224580665411,
0.234478912232,
0.243482562512,
0.253096006456,
0.260923069111,
0.269183171253,
0.278503155809,
0.287632502375,
0.296038979914,
0.304667152857,
0.311957159151,
0.319183250564,
0.327527603747,
0.334586588075,
0.341918150337,
0.349000960552,
0.355336341429,
0.361643446319,
0.368307841846,
0.375129890963,
0.381634689622,
0.387553357263,
0.393586724788,
0.399734155275,
0.405480568136,
0.411699154476,
0.417427760709,
0.423513562525,
0.429215529013,
0.435023127199,
0.440679133056,
0.446358696776,
0.452082528271,
0.457662502439,
0.463253898117,
0.469042642851,
0.474654799805,
0.480230696391,
0.485761448853,
0.491301683843,
0.496874417675,
0.502439609135,
0.507970361864,
0.513496306104,
0.519030620084,
0.524557193085,
0.530084843776,
0.535610868840,
0.541136634510,
0.546662406408,
0.552187748883,
0.557713270074,
0.563238526971,
0.568763838393,
0.574289033097,
0.579814062253,
0.585339143126,
0.590864284254,
0.596389612293,
0.601915016953,
0.607440500960,
0.612966135216,
0.618491908096,
0.624017653160,
0.629543201698,
0.635068424861,
0.640593344264,
0.646118213225,
0.651643075103,
0.657168626102,
0.662696489286,
0.668225351137,
0.673760808006,
0.679302549781,
0.684870989276,
0.690519665077,
0.696210407637,
0.701987032178,
0.707705093876,
0.713425258815,
0.719024161329,
0.724942488948,
0.731147978181,
0.737698392005,
0.744119329934,
0.750468615284,
0.758183924152,
0.764154757609,
0.770618343196,
0.777702603162,
0.784561007874,
0.791319007138,
0.799124840115,
0.806480925792,
0.814274399510,
0.820283786083,
0.828016988704,
0.837400596818,
0.845840022094,
0.853472975543,
0.861312999789,
0.869514897738,
0.880561470430,
0.890373394939,
0.896781505257,
0.911744550858,
0.918969827446,
0.934006334020,
0.941695257745,
0.950745677547,
0.972322441208,
0.977900552486,
0.983425414365,
0.988950276243,
0.994475138122,
1
